#OTU ID	MMPRNT1465	MMPRNT1466	MMPRNT1467	MMPRNT1468	MMPRNT1469	MMPRNT1470	MMPRNT1471	MMPRNT1472	MMPRNT1473	MMPRNT1474	MMPRNT1475	MMPRNT1476	MMPRNT1477	MMPRNT1478	MMPRNT1479	MMPRNT1480	MMPRNT1481	MMPRNT1482	MMPRNT1483	MMPRNT1484	MMPRNT1485	MMPRNT1486	MMPRNT1487	MMPRNT1488	MMPRNT1537	MMPRNT1538	MMPRNT1539	MMPRNT1540	MMPRNT1541	MMPRNT1542	MMPRNT1543	MMPRNT1544	MMPRNT1545	MMPRNT1546	MMPRNT1547	MMPRNT1548	MMPRNT1549	MMPRNT1550	MMPRNT1551	MMPRNT1552	MMPRNT1553	MMPRNT1554	MMPRNT1555	MMPRNT1556	MMPRNT1557	MMPRNT1558	MMPRNT1559	MMPRNT1616	MMPRNT1617	MMPRNT1618	MMPRNT1619	MMPRNT1620	MMPRNT1621	MMPRNT1622	MMPRNT1623	MMPRNT1624	MMPRNT1625	MMPRNT1626	MMPRNT1627	MMPRNT1628	MMPRNT1629	MMPRNT1630	MMPRNT1631	MMPRNT1632	MMPRNT1681	MMPRNT1682	MMPRNT1683	MMPRNT1684	MMPRNT1685	MMPRNT1686	MMPRNT1687	MMPRNT1688	MMPRNT1689	MMPRNT1690	MMPRNT1691	MMPRNT1692	MMPRNT1693	MMPRNT1694	MMPRNT1695	MMPRNT1696	MMPRNT1697	MMPRNT1698	MMPRNT1699	MMPRNT1700	MMPRNT1701	MMPRNT1702	MMPRNT1703	MMPRNT1704	MMPRNT1753	MMPRNT1754	MMPRNT1755	MMPRNT1756	MMPRNT1757	MMPRNT1758	MMPRNT1759	MMPRNT1760	MMPRNT1761	MMPRNT1762	MMPRNT1763	MMPRNT1764	MMPRNT1765	MMPRNT1766	MMPRNT1767	MMPRNT1768	MMPRNT1769	MMPRNT1770	MMPRNT1771	MMPRNT1772	MMPRNT1773	MMPRNT1774	MMPRNT1775	MMPRNT1776	MMPRNTCtrl7BB5
Zotu8020	466	544	166	600	1822	790	769	711	1012	1075	592	463	47	22	0	0	131	0	79	1683	1129	1452	220	123	0	0	0	0	0	0	0	0	0	0	0	0	0	0	0	0	0	0	0	0	0	0	0	0	0	0	0	0	0	55	1676	432	116	259	0	57	0	0	0	102	0	0	0	0	0	0	0	0	0	0	1	0	0	0	0	0	0	0	0	0	0	0	0	0	0	0	0	0	0	0	0	0	0	0	0	0	0	0	0	0	0	0	0	0	0	0	0	0	38
Zotu7339	571	0	2393	3	0	0	148	1	0	0	0	721	250	260	360	27	0	871	0	0	204	0	0	0	0	0	0	0	0	0	0	0	0	1	1	0	1	0	0	0	0	0	2	0	0	0	0	34	0	0	49	0	0	0	0	0	0	0	1	1	0	1	0	0	0	0	0	0	0	0	0	3	0	0	0	0	0	0	0	0	0	0	0	0	0	0	0	0	0	0	176	35	36	0	1707	0	0	2	3	319	2	2	0	1	0	0	272	337	4850	1	0	0	0
Zotu6352	1188	295	973	3063	2696	345	0	62	0	0	0	0	119	137	0	1784	0	378	0	1	0	0	0	0	0	0	0	0	0	0	0	0	0	0	0	0	0	0	0	0	0	0	12	0	0	0	0	0	0	0	0	0	0	0	0	0	0	0	0	0	0	0	0	0	0	0	0	103	148	0	0	0	0	0	1	2	0	0	0	12	0	0	0	0	10	0	0	0	0	0	0	0	0	0	0	0	0	0	0	301	0	0	0	0	0	0	0	0	0	0	0	0	0
Zotu8878	627	0	78	189	0	21	0	1	0	0	0	0	290	16	0	4	0	0	0	5	0	0	0	0	0	0	0	0	0	1	0	0	0	0	0	0	1	0	0	1	0	0	1	1	0	0	0	0	0	0	0	0	0	0	0	0	0	0	0	1	1	0	0	1	0	0	0	124	0	0	0	0	0	0	0	1	0	0	0	0	0	0	0	0	1	0	0	0	0	0	0	0	0	0	0	0	0	0	2	3	0	0	0	0	0	1	0	0	0	0	0	0	0
Zotu6362	886	0	2590	165	155	486	1	51	0	0	0	0	262	0	0	0	0	165	0	0	0	0	0	0	0	0	0	0	0	0	1	0	0	0	1	0	0	0	0	1	0	3	0	0	0	0	0	0	0	0	0	0	0	0	0	7	0	27	0	0	0	1	0	0	0	0	0	0	0	0	0	0	0	0	0	0	0	0	0	824	0	0	0	0	0	0	0	0	0	0	0	0	0	0	0	0	0	0	0	0	1	0	0	0	0	203	236	419	168	0	0	0	0
Zotu9464	938	937	571	237	2112	205	479	128	682	1125	0	673	829	0	1	0	101	0	379	0	0	0	0	127	0	0	0	0	0	1	0	0	0	0	0	0	0	0	0	0	0	0	0	0	0	0	0	0	0	0	0	0	0	0	1726	16	0	268	0	0	0	0	0	0	0	1	0	0	0	0	0	0	0	0	0	0	0	0	0	0	0	0	0	0	0	0	0	0	303	937	119	51	406	258	0	146	2122	1016	3	0	33	377	393	583	1	31	726	899	247	190	590	535	0
Zotu9300	588	0	0	332	11	0	24	51	0	0	0	0	0	0	550	34	0	0	0	2720	88	147	120	0	0	0	0	0	0	0	0	0	0	0	0	0	0	0	0	0	0	0	0	0	0	0	0	0	0	0	0	0	0	0	0	0	0	0	0	0	0	0	0	0	0	0	0	0	0	0	0	0	0	0	0	0	0	0	0	0	0	0	0	0	0	0	0	0	0	0	0	0	0	0	0	0	0	0	0	0	0	0	0	0	0	0	0	0	0	0	0	0	0
Zotu11663	534	1257	147	120	805	246	411	4	113	302	1	1064	535	6	1	110	382	109	150	174	419	139	21	44	16	298	9	0	5	0	139	0	0	0	1	180	0	0	0	25	0	0	6	2	0	93	24	54	18	72	69	0	29	113	27	63	0	0	71	71	10	114	14	581	267	243	67	31	34	163	9	201	7	9	0	0	44	74	55	155	222	43	90	111	431	0	0	217	0	0	175	0	0	0	97	295	0	0	0	0	147	0	178	0	0	0	0	0	0	0	0	0	149
Zotu767	941	3621	1569	916	2714	4674	712	187	605	3331	1338	3101	1146	1275	680	1114	1621	3891	521	5254	3359	3909	327	2318	0	0	0	0	0	0	0	0	0	0	0	0	0	1	0	1	0	1314	0	0	1643	0	0	639	292	555	728	5453	399	29	1	491	46	18	25	228	96	616	0	1	177	547	163	443	135	461	1	40	3	1	0	2	156	196	217	4279	451	2648	1122	4378	2114	128	1367	2714	0	0	0	0	0	0	1	0	0	0	0	0	0	0	0	0	0	0	0	1	1398	0	0	0	0
Zotu11890	1707	461	1088	279	370	230	872	76	479	207	265	1	1346	85	1238	466	196	189	0	736	0	0	0	119	0	0	0	0	0	0	0	0	0	0	0	0	0	0	0	0	0	0	0	0	0	0	1	0	0	0	0	0	0	0	14	0	0	0	0	0	0	0	0	0	0	0	0	0	0	0	0	0	0	0	0	0	0	0	0	0	0	0	0	0	0	0	0	0	0	0	0	0	0	0	0	0	0	0	1	0	0	2	0	0	1	0	2	1	0	0	0	0	8
Zotu8205	1912	285	255	1559	1531	1139	24	567	483	87	92	0	4964	6353	1183	1887	1880	842	312	0	3302	2308	1311	109	446	66	1	150	308	192	179	87	305	230	73	673	0	0	22	56	33	31	4	0	32	157	3	0	0	0	0	3	0	0	0	0	0	0	0	0	0	0	0	0	140	0	9	23	95	346	78	88	29	514	391	38	258	429	907	1386	899	3	133	75	380	271	172	333	0	0	690	0	0	2	0	0	0	0	0	33	38	1	0	0	0	0	7	24	0	0	0	44	0
Zotu7454	220	575	1	162	189	1	109	283	274	434	0	2066	461	981	540	91	0	1549	0	0	20	313	68	30	1475	0	0	0	1270	0	0	0	3563	1513	0	0	0	50	111	102	35	0	0	0	0	0	0	562	1587	2866	161	1838	653	13	588	225	0	181	2597	1363	0	0	0	0	57	5	0	10	20	0	22	16	0	26	52	63	81	58	80	29	53	203	3	10	5	75	9	10	0	0	0	117	0	0	0	0	31	0	0	78	0	0	0	0	0	0	247	0	0	0	0	0	100
Zotu926	982	158	1969	277	1	1015	0	0	0	0	161	4	0	0	2	1	1	0	0	0	0	1	0	0	1318	49	1691	5404	1192	1614	50	2908	7516	1209	852	1100	897	205	1534	3024	4155	2898	6502	2465	27	88	430	3762	1230	745	4834	13	1360	1	9	3473	22	6	0	1	1	1	1	0	1263	4454	547	3274	4140	3523	0	0	0	0	0	0	0	0	0	0	0	0	0	0	0	0	0	1	154	2277	3559	265	1946	1910	637	1995	2885	914	187	208	2093	1106	4478	1697	573	92	2378	2005	293	277	3390	3240	0
Zotu8518	184	2994	598	157	0	0	0	0	0	0	0	0	0	0	0	0	0	0	0	0	0	0	0	0	0	0	0	0	0	0	0	0	0	0	0	0	0	0	38	0	0	0	0	0	23	0	1723	0	0	0	0	0	0	0	0	0	0	0	0	0	0	0	0	0	0	0	0	0	0	0	0	0	0	0	0	0	0	0	0	0	20	0	0	0	0	0	0	0	0	0	654	577	0	468	0	0	1521	0	59	1	36	0	0	0	0	0	753	464	172	0	704	2170	0
Zotu9674	382	470	46	215	182	188	125	76	76	0	941	610	247	130	0	27	114	304	261	0	602	209	0	20	33	138	7	0	0	0	28	0	0	0	0	0	0	0	0	0	0	0	11	0	0	43	0	26	10	59	28	1	27	61	19	12	8	0	45	118	7	45	33	516	231	168	69	91	71	52	5	113	5	10	2	0	9	14	16	104	17	14	28	44	102	1	0	37	0	1	0	0	0	0	3	0	0	3	18	0	1	0	126	0	0	0	48	0	66	0	0	113	32
Zotu7095	146	0	0	53	0	0	0	0	0	0	0	0	0	0	0	0	0	0	0	0	0	0	0	0	5	0	0	0	0	0	0	0	0	0	0	0	0	0	0	0	0	0	0	0	0	0	0	0	0	0	0	0	0	0	1	0	0	0	0	0	0	0	0	0	0	0	0	0	0	0	0	0	0	12	0	0	0	0	0	0	0	0	0	0	0	0	0	0	0	0	0	0	0	0	0	0	0	0	0	0	0	0	0	0	0	0	0	0	0	0	0	0	0
Zotu7124	44	211	81	26	0	1	0	0	0	0	0	0	329	0	0	0	0	0	0	0	0	0	0	1	0	0	0	0	67	13	0	5	0	0	0	95	0	3	1	3	0	0	0	0	97	0	1	12	23	9	0	328	52	0	0	0	3	0	1	82	1	0	2	12	0	0	0	0	0	0	0	6	1	2	1	8	6	13	3	0	89	4	0	0	0	1	1	0	0	0	0	0	0	0	0	0	0	0	0	0	0	0	390	0	0	0	9	632	0	0	0	0	0
Zotu10973	179	189	111	57	118	19	92	26	2	0	335	307	0	0	0	0	130	18	1	0	61	0	0	11	2	83	0	0	0	0	0	0	0	0	82	0	0	0	0	4	0	4	0	0	1	0	5	3	4	22	22	0	4	8	6	19	0	0	19	15	5	11	6	221	47	48	34	9	0	20	3	43	2	0	0	0	13	4	5	19	0	0	2	13	54	2	0	11	0	0	75	0	0	0	0	0	0	0	0	0	22	0	125	0	0	0	0	0	0	0	0	0	13
Zotu9990	58	1050	222	182	105	25	146	431	544	733	254	2753	0	614	2169	670	0	923	0	50	655	400	134	838	2000	0	0	0	5736	0	0	0	8409	3580	0	61	0	12	114	124	90	0	0	0	0	27	0	951	3675	5465	123	2197	577	62	606	298	0	193	3987	3290	0	0	0	0	9	6	1	1	0	0	21	27	0	33	19	20	266	41	90	19	50	353	4	0	22	94	13	34	0	0	5	81	0	0	0	0	40	0	0	204	0	0	0	0	0	0	40	0	43	0	0	0	108
Zotu7611	186	189	276	42	9	2	0	5	135	0	0	0	489	662	0	136	122	139	0	1865	0	0	0	0	0	0	0	0	0	0	0	0	0	0	0	0	0	0	0	0	0	0	0	0	0	0	0	0	0	0	0	0	0	0	0	0	0	0	0	0	0	0	0	0	0	0	0	3	6	0	0	0	0	0	0	0	0	0	0	0	0	0	0	0	0	0	0	0	0	0	0	0	0	0	0	0	0	0	0	90	0	0	0	0	0	0	0	0	0	0	0	0	0
Zotu95	45	4	0	213	6	111	1	37	260	0	0	175	297	172	0	0	691	1	93	0	339	2820	0	991	0	0	0	0	0	0	0	0	0	0	0	0	0	0	0	0	0	0	0	0	0	0	0	0	0	0	0	0	0	0	0	0	0	0	0	0	0	0	0	0	0	0	0	0	0	0	0	0	0	0	0	0	0	0	0	0	0	0	0	0	0	0	0	0	0	0	0	0	0	0	0	0	0	0	0	0	0	0	0	0	0	0	0	0	0	0	0	0	0
Zotu8608	192	165	221	190	67	0	0	30	0	1046	0	1121	0	0	0	0	129	0	0	0	0	0	0	0	0	0	0	0	0	0	0	0	0	1	0	0	0	0	0	0	0	0	0	0	0	0	0	16	0	0	6	0	225	0	8	8	24	5	0	0	0	0	0	0	0	0	0	0	0	0	0	0	0	0	0	0	0	0	0	329	157	530	2	113	30	77	0	0	0	0	0	0	0	0	0	0	0	0	0	0	0	0	0	0	0	0	0	0	0	0	0	0	0
Zotu8049	73	217	1310	29	228	1	0	0	0	0	0	0	0	0	1	0	0	0	0	0	0	0	0	0	0	0	0	0	0	0	0	0	0	0	0	0	0	0	0	0	0	0	0	0	0	0	0	0	0	0	0	0	0	124	3	44	3869	545	465	0	0	0	0	0	0	0	0	0	0	0	0	0	0	0	0	0	0	0	0	0	0	0	0	0	0	0	0	0	0	0	0	0	0	0	0	0	0	0	0	0	0	0	0	0	0	0	0	0	0	0	0	0	1068
Zotu8668	322	1188	493	1558	873	606	496	154	1233	0	274	60	35	444	156	186	340	661	108	884	1095	1037	310	2577	14	5504	0	18	876	2228	5149	292	115	1948	0	855	0	17	96	254	0	63	0	0	178	0	0	9	542	16	0	0	206	0	0	1	0	3	0	0	0	0	0	0	0	4	5	0	1	3	8	0	26	6	11	6	68	0	11	2107	0	0	0	0	0	0	0	1	0	0	482	0	0	1	0	127	678	1066	0	118	107	0	0	0	0	0	1263	0	0	0	0	646	0
Zotu6549	110	1	1	16	1056	844	32	17	106	4016	1639	1252	1904	0	752	4	297	292	5948	1909	387	2343	83	54	1146	0	477	771	383	1810	6	557	92	96	115	123	395	19	333	176	69	103	130	94	6	43	114	78	222	311	593	393	60	521	42	39	1	438	4457	468	6	2	164	515	996	312	223	515	595	880	2	6	4	2	4	9	6	3	3	40	3	1	2	3	2	2	5	5	2363	2918	1050	176	455	661	785	1089	1735	531	1741	585	114	588	0	597	2511	532	896	496	260	1121	1656	1996	144
Zotu9576	14	11	218	75	455	546	616	632	1619	1507	1354	2019	320	112	2146	2027	160	1789	3975	665	1278	2209	363	644	0	0	0	0	0	0	0	0	0	0	0	0	0	0	0	0	0	0	0	0	0	0	0	0	0	0	0	0	0	0	1	2	0	0	0	0	0	0	0	0	0	0	0	0	0	0	1359	632	4006	891	2578	2730	488	175	248	15	433	187	48	291	0	34	106	215	0	0	0	0	0	0	0	0	0	0	0	0	0	0	0	0	0	0	0	0	0	0	0	0	0
Zotu10349	1	1	753	378	32	0	1	32	59	0	0	354	0	220	568	0	328	914	0	1	0	0	5567	0	1	0	0	0	0	0	0	0	1	1	0	0	0	0	0	0	254	0	0	1	10896	81	581	0	0	3	0	1	3326	9	373	554	250	468	4	7	0	0	0	0	114	718	2	276	2408	2278	507	102	371	689	582	877	213	2915	4093	1416	1849	321	3656	1265	5378	294	3749	606	0	0	0	0	0	233	0	0	0	0	0	1	52	0	0	0	0	0	0	1772	1783	0	0	338	37
Zotu7693	82	470	826	61	433	9	22	48	119	527	0	330	847	0	0	0	0	0	68	0	0	0	0	34	0	0	0	0	0	0	0	0	0	0	0	0	0	0	0	0	0	1	0	0	0	0	0	0	0	0	0	0	0	0	854	0	0	114	0	0	0	0	0	0	0	0	0	0	0	0	0	0	0	0	0	0	0	0	0	0	0	0	0	0	0	0	0	0	0	0	0	0	0	0	0	0	237	0	0	0	0	1	0	0	0	0	0	0	78	0	391	60	0
Zotu8906	170	0	371	202	13088	1266	0	0	0	0	0	0	0	0	0	0	0	0	0	0	0	0	0	0	10	0	0	0	0	0	0	0	0	0	0	0	0	0	0	1	0	0	0	0	0	0	0	0	0	0	0	0	0	10	0	84	23	24	0	0	0	0	0	0	0	0	0	0	0	0	0	0	0	0	0	0	0	0	0	0	0	0	0	0	0	0	0	0	0	0	0	0	0	0	0	0	0	0	0	0	0	0	0	0	0	0	0	0	0	0	0	0	153
Zotu9662	102	0	0	0	52	0	0	0	0	0	0	0	0	0	0	0	0	0	0	0	0	0	0	0	0	0	0	0	0	0	0	0	0	0	0	0	0	0	26	19	0	10	0	0	0	53	0	0	0	0	0	0	0	0	0	0	0	0	0	0	0	0	0	0	0	0	0	0	0	0	0	0	0	0	0	0	0	0	0	0	0	0	0	0	0	0	0	0	0	0	0	0	0	0	0	0	0	0	0	0	0	0	0	0	0	0	0	0	0	0	0	0	0
Zotu9822	96	536	282	0	1	61	159	114	703	102	0	0	0	0	104	988	0	157	0	0	0	0	0	0	2	0	8	0	0	0	0	0	0	1	361	0	1	0	0	0	1	0	0	0	0	0	0	951	213	417	641	736	37	0	0	0	0	0	0	0	2	3	0	4	8	22	13	115	95	43	0	10	0	0	0	0	0	0	0	144	40	134	54	65	11	12	39	12	0	0	1008	0	0	0	0	0	0	0	0	0	52	0	0	444	0	73	0	358	181	0	0	0	0
Zotu9657	81	0	1306	0	0	59	0	0	0	0	0	0	210	0	1	0	0	1	0	0	0	0	0	0	0	0	0	0	0	0	0	0	0	0	0	0	0	0	0	0	0	0	0	0	0	0	0	0	0	0	0	0	0	0	0	0	0	0	0	0	0	0	0	0	0	0	0	0	0	0	0	0	0	0	0	0	0	0	0	282	0	0	0	0	0	0	0	0	0	0	0	0	0	0	0	0	0	0	0	0	0	0	0	0	0	0	0	46	35	0	0	0	17
Zotu9431	68	0	0	0	368	0	198	5	71	0	0	0	348	0	0	160	0	0	0	0	0	0	0	0	0	0	0	0	0	0	0	0	0	0	0	0	0	0	0	0	0	0	0	0	0	0	0	829	0	519	1493	161	684	0	0	625	1309	2328	0	0	0	62	0	0	2	2	2	0	0	2	0	0	0	0	0	0	0	0	0	1	0	0	0	0	0	0	0	0	0	0	0	0	0	0	0	0	0	0	0	0	0	0	0	0	0	0	0	0	0	0	0	0	0
Zotu9266	9	0	292	14	13	1	0	0	0	0	0	0	10	0	1	0	2	0	0	0	0	0	0	1	2	0	0	0	7	1	1	3	3	0	0	8	0	1	0	0	0	0	0	0	0	0	0	0	0	0	0	0	0	0	0	0	0	0	0	0	0	0	0	0	1	0	0	2	4	1	1	1	0	0	1	0	0	0	0	0	3	1	1	0	1	0	0	0	0	0	0	0	0	0	0	0	0	0	0	0	0	0	0	0	0	0	0	0	0	0	0	0	0
Zotu9818	46	0	0	0	0	0	0	0	0	0	0	0	0	0	0	0	0	0	0	0	0	0	0	0	0	0	0	0	0	0	0	0	0	0	0	44	0	0	0	0	0	0	10	0	4	0	0	0	0	0	20	0	0	0	0	0	0	26	0	0	0	0	0	0	0	0	0	0	0	0	4	6	9	0	0	0	0	0	11	0	5	0	0	0	0	0	0	0	0	0	0	0	0	0	0	0	0	0	0	0	0	0	0	0	0	0	0	0	0	0	0	0	0
Zotu7494	69	367	191	23	158	0	0	0	0	0	0	0	0	29	0	0	0	0	0	0	27	5	23	13	0	0	0	0	0	0	0	0	0	0	0	0	0	0	0	33	17	0	0	0	0	0	0	0	0	0	7	0	0	0	0	0	0	3	0	0	0	0	0	0	0	0	0	0	0	0	42	1	5	10	6	0	0	0	0	0	0	4	0	20	0	0	0	0	0	0	0	0	0	0	0	0	0	0	0	0	0	0	0	0	0	0	0	0	0	0	0	0	0
Zotu7021	29	0	0	5	5	64	20	0	46	296	4	693	75	10	98	0	19	8	842	241	41	101	24	13	225	0	96	101	59	352	0	90	0	0	15	2	56	1	59	97	22	17	32	0	0	9	1	27	37	94	136	99	12	29	0	0	0	81	777	127	0	0	59	109	179	45	65	202	132	143	0	4	0	0	0	0	0	0	0	37	0	0	0	0	0	0	2	0	592	416	199	37	133	150	1	49	313	2	152	90	55	54	170	28	859	68	20	140	51	431	600	6	0
Zotu9058	10	0	0	0	93	0	0	0	0	0	2034	93	102	0	0	0	384	0	196	1176	650	249	28	0	0	0	0	0	0	0	0	0	0	0	0	0	0	0	0	0	0	0	0	0	0	0	0	0	0	0	0	0	0	0	0	0	0	0	0	0	0	0	0	0	0	0	0	0	0	0	0	0	0	0	0	0	0	0	0	0	0	0	0	0	0	0	0	0	0	0	0	0	0	0	0	0	0	0	0	0	0	0	0	0	0	0	0	0	0	0	0	0	0
Zotu699	26	277	0	350	1	45	0	0	0	26	1159	3032	1020	1	0	0	0	16	1453	2	29	199	0	3	0	0	1	0	0	0	2	350	0	33	1	12	9	10	22	162	4	238	0	0	0	0	0	0	16	0	0	0	0	0	0	1	2	12	42	26	0	3	0	2	25	65	4	81	59	17	2	2	4	59	16	0	24	1	164	432	215	289	0	0	0	24	272	10	551	26	60	0	0	2	81	0	30	111	0	679	0	1	0	30	0	85	0	11	2	3311	905	0	0
Zotu6781	38	0	0	0	0	0	0	0	0	85	0	0	0	0	0	0	0	0	0	0	7	0	0	0	0	0	0	0	0	0	0	0	0	0	0	0	0	0	0	0	0	0	0	0	0	0	0	0	0	0	0	0	0	0	0	0	0	0	0	0	0	0	0	0	0	0	0	0	0	0	0	0	0	0	0	0	0	0	0	0	0	0	0	0	0	0	0	0	0	0	0	0	0	0	0	0	0	0	0	0	0	0	0	0	0	0	0	0	0	0	0	0	0
Zotu909	3	1	0	0	0	0	1	0	0	830	0	0	0	0	0	0	0	0	0	0	0	0	0	0	29	120	90	0	0	0	0	37	63	0	0	61	37	17	16	430	218	183	0	9648	158	117	1673	0	0	0	0	0	0	4	11	0	22	39	8	154	84	99	20	46	0	0	0	0	0	0	0	0	0	0	0	0	0	0	0	0	0	0	0	0	0	0	0	0	0	0	0	0	0	0	25	0	1038	801	0	0	0	195	0	1868	9135	593	0	347	0	1001	0	0	81
Zotu6530	5	782	160	19	132	321	185	2	452	162	0	0	310	67	0	102	105	52	214	254	317	159	30	46	37	168	24	0	0	7	308	12	33	108	0	64	0	0	0	26	0	0	0	0	0	1	0	27	4	46	37	0	23	19	0	49	0	0	68	110	6	119	47	728	291	251	50	77	47	54	22	139	13	9	0	0	1	14	9	15	13	7	16	25	87	1	0	14	0	346	0	0	0	0	180	4	0	0	0	0	185	0	81	0	1	0	95	141	34	0	0	0	33
Zotu7628	2	9	0	0	0	0	0	0	0	0	0	0	0	0	0	0	0	0	0	1	0	0	0	0	0	0	0	0	0	0	0	0	0	0	0	719	0	0	0	0	0	0	208	0	0	0	92	0	0	0	0	0	0	0	0	0	0	0	0	0	0	0	0	0	0	0	0	0	0	0	0	0	0	0	0	0	0	0	0	0	0	0	0	0	0	0	0	0	637	0	100	0	180	276	678	416	1422	0	0	0	916	0	1086	0	129	0	0	0	0	0	671	0	0
Zotu9019	3	0	0	0	0	0	0	0	0	0	0	0	0	0	0	0	0	0	0	0	0	0	0	0	0	3	1	0	0	7	2	1	0	0	2	0	3	0	1	2	2	92	4	8	5	87	0	0	0	0	20	1	0	0	0	0	0	0	0	1	6	18	1	1	0	0	0	0	0	0	0	0	0	0	0	0	0	0	0	0	0	0	0	0	0	0	0	0	422	91	700	0	2	0	325	0	433	1	2196	665	0	51	0	936	0	130	0	0	1	0	0	1	0
Zotu9453	1	1	0	2	0	0	0	0	0	0	0	0	0	0	0	0	0	0	0	0	0	0	0	1	0	287	0	0	167	0	125	157	0	0	0	587	0	0	0	1	0	0	0	0	47	0	0	0	0	0	2	0	0	0	0	10	1	73	0	0	0	0	0	0	639	790	591	46	3	540	132	17	550	225	826	94	15	80	336	204	49	54	0	2	1	3	2	1	0	0	0	0	0	0	0	0	0	0	0	0	0	0	0	0	0	0	0	0	0	0	0	0	0
Zotu9609	1	0	1175	1	0	0	1	0	0	0	0	0	0	0	1	1	0	0	0	0	0	0	1	0	22	0	39	0	56	4384	0	67	60	624	0	0	130	0	166	3355	160	335	132	0	0	83	0	0	0	0	0	0	0	0	0	0	0	0	0	1	199	70	979	264	25	24	0	0	0	9	0	0	0	0	0	0	0	0	0	42	0	0	12	0	0	0	0	0	0	453	343	0	4979	166	983	0	3089	943	160	949	0	2	3292	10162	0	0	0	94	815	0	0	3218	0
Zotu9282	1	0	0	0	3	6	3	0	0	2	0	0	3	0	2	1	2	2	9	1	3	15	5	0	9	0	8	129	3	18	0	2	0	0	50	0	6	1	9	3	0	2	37	0	0	0	0	0	0	0	78	2	0	3	12	0	0	67	62	143	0	0	0	2	24	4	0	39	31	13	0	0	0	0	0	0	0	0	0	1	1	0	0	0	0	0	0	0	320	242	51	0	117	490	1	175	104	1	119	3	0	2	88	132	686	155	0	0	0	3	1	3	5
Zotu8265	0	1	0	0	0	3	1	0	3	2	3	3	8	0	1	1	0	5	0	0	0	0	0	0	2	0	1	1	0	2	9	6	2	0	1	6	4	0	3	4	5	2	0	29	4	0	0	1	0	0	0	0	0	0	0	0	0	0	1	0	0	0	0	2	20	7	5	2	12	3	2	0	0	1	1	1	1	0	0	2	0	2	0	0	2	0	1	1	11	12	13	1	4	9	9	1	6	11	10	2	2	21	9	9	21	4	2	0	0	11	16	5	0
Zotu5533	0	583	405	208	87	1	0	8	19	0	267	0	240	1	1	220	0	1695	18	1	1	61	0	1	0	3	1	0	1	2	3	0	0	3	43	2	810	1069	1801	1	13	1	1	0	22	0	0	0	2	0	1	0	1	853	0	1891	1885	1759	0	1	0	2	1	1	109	171	178	446	1213	160	1	7	3	1	0	2	24	4	7	5	2	0	751	44	101	0	6	195	0	0	0	0	0	0	0	80	0	366	444	2	1	22	196	316	22	0	64	242	0	0	0	319	824
Zotu7003	0	92	116	0	0	0	0	0	0	0	0	0	0	0	0	0	0	0	0	0	0	23	0	0	0	0	0	0	0	0	0	125	1	0	0	5	0	0	4	32	0	118	0	0	0	7	0	0	0	0	0	0	0	0	0	0	0	0	19	6	0	0	0	0	0	9	0	0	0	4	0	0	0	0	0	0	0	0	0	21	1	0	0	0	0	0	0	0	0	0	0	0	0	0	5	0	0	7	0	81	0	24	0	0	0	1	0	0	0	7	0	0	0
Zotu63	0	56	139	0	41	550	0	0	7	0	0	0	209	0	0	0	0	0	251	0	193	209	64	17	0	0	0	0	0	0	0	0	0	0	0	0	0	0	0	0	4	0	0	506	0	0	50	0	0	0	0	0	0	0	0	0	0	0	0	0	0	0	0	0	9	25	15	81	22	55	8	28	23	2	68	21	151	7	8	29	0	55	6	3	69	0	40	18	0	0	0	0	138	0	0	72	0	0	0	0	101	0	0	3791	49	52	0	1	117	0	0	400	0
Zotu9979	0	14	46	0	34	0	0	2	0	0	0	0	0	28	0	40	100	0	0	0	111	36	0	102	0	0	0	0	0	0	0	0	0	0	0	0	0	0	0	0	0	0	0	0	0	0	0	0	0	0	0	0	0	0	0	0	0	0	0	0	0	0	0	0	0	0	0	0	0	0	0	0	0	0	0	0	0	0	0	0	0	0	0	0	0	0	0	0	0	0	0	0	0	0	0	0	0	0	0	0	0	0	0	0	0	0	0	0	0	0	0	0	0
Zotu9886	0	1	0	0	345	0	102	0	69	0	0	0	258	0	0	0	0	1	0	0	0	0	1	2	0	0	0	0	0	1	3	0	0	1	0	1	0	0	0	0	0	0	0	0	0	0	0	612	0	276	624	133	412	0	0	340	667	792	0	0	0	70	0	0	3	4	2	0	1	1	0	0	1	0	0	0	0	1	1	0	0	0	0	1	0	0	0	0	0	0	0	0	0	0	0	0	0	0	0	0	0	0	0	0	0	0	0	0	0	0	0	0	0
Zotu8271	0	9	3	0	1	0	0	0	8	2	17	5	4	0	2	3	0	1	0	0	0	0	8	0	0	0	0	0	0	0	0	3	0	1	0	1	0	0	0	0	1	0	0	2	0	0	0	0	0	0	0	0	0	0	0	0	0	0	0	0	0	0	0	0	1	1	0	0	3	1	0	5	3	0	1	0	0	0	1	0	0	0	0	0	0	0	0	0	0	2	1	0	41	0	51	18	107	2	1	1	0	0	39	0	0	1	1	0	0	0	0	3	0
Zotu7351	0	1	4	0	0	1	1	9	0	366	0	0	0	0	0	70	0	2	0	0	0	0	0	0	0	0	0	1	0	0	0	0	1	19	133	0	0	0	3	2	0	0	0	0	0	0	0	35	10	11	27	26	5	0	0	1	1	0	2	0	1	1	1	1	1	4	0	4	7	0	0	1	0	0	0	0	0	0	0	6	2	14	11	15	1	2	9	3	0	0	10	0	0	0	0	0	0	0	0	0	0	0	10	7	0	2	0	2	6	0	0	0	0
Zotu966	0	1	1	480	550	861	75	42	94	0	0	0	121	73	637	1204	66	174	0	0	2	0	15	444	0	5	0	0	2	2	6	2	0	2	0	5	0	0	0	1	0	0	0	0	0	0	0	0	0	0	1468	0	0	0	1	0	1	0	0	0	0	0	0	0	2042	96	7	78	66	32	9040	5620	5727	8468	5430	5721	8814	5727	7985	2990	5132	5528	797	2645	1857	2810	7067	8241	1	0	0	0	0	1	0	1	1	0	0	0	0	0	0	0	0	0	0	1	0	0	0	0	0
Zotu9911	0	2	1	0	0	0	0	0	0	1	0	0	0	0	0	0	0	0	0	0	0	0	0	0	28	325	666	167	36	156	290	111	835	342	83	70	357	97	1096	369	257	201	0	1	28	0	68	50	1	20	2	8	115	195	386	742	421	481	639	250	324	750	253	884	0	0	0	0	1	0	0	0	0	0	0	0	0	0	1	4	9	0	0	0	0	0	0	0	0	242	98	42	344	288	259	236	103	455	289	100	3	0	279	49	0	0	212	0	47	450	715	156	723
Zotu8392	0	1	0	0	0	0	0	0	0	0	419	1	0	0	0	0	0	0	3	0	0	0	0	0	1	0	0	0	0	0	0	0	0	1	0	0	1	0	0	2	0	0	0	0	0	0	0	0	0	0	0	0	0	0	0	0	0	0	2	0	0	0	0	0	0	0	0	0	1	0	0	1	0	7	0	0	3	0	4	26	18	5	0	0	0	0	6	0	0	0	0	0	0	0	0	0	0	1	0	0	0	0	0	0	0	0	0	0	0	0	0	0	0
Zotu9642	0	0	224	15	22	0	0	0	0	0	0	0	0	0	0	0	66	0	0	0	217	1	6	27	0	0	0	0	0	0	0	0	0	0	0	0	0	0	0	0	0	0	0	0	0	0	0	0	0	0	0	0	0	0	0	0	0	0	0	0	0	0	0	0	0	0	0	0	0	0	0	0	0	0	0	0	0	0	0	0	0	0	0	0	0	0	0	0	0	0	0	0	0	0	0	0	0	0	0	0	0	0	0	0	0	0	0	0	0	0	0	0	0
Zotu8846	0	0	906	39	0	0	0	0	0	0	0	0	0	0	2	0	0	0	0	0	0	0	0	0	0	0	0	0	0	0	0	0	0	0	0	0	0	0	0	0	0	0	0	0	0	0	0	0	0	0	0	0	0	0	0	0	0	0	0	0	0	0	0	0	0	0	0	0	0	0	0	0	0	0	0	0	0	0	0	0	0	0	0	0	0	0	0	0	0	0	0	0	0	0	0	0	0	0	0	0	0	0	0	0	0	0	0	0	0	0	0	0	0
Zotu9597	0	0	64	112	67	711	396	247	787	0	0	0	1	525	0	406	0	72	0	25	0	0	0	0	2089	2627	182	2357	1032	3537	2296	661	481	1855	33	1484	14	23	15	639	65	423	279	0	0	42	1	202	431	84	70	67	225	0	0	234	0	101	275	956	0	0	0	0	934	106	507	786	1198	967	299	748	691	747	659	146	168	88	74	2854	1563	831	1494	3855	760	815	1258	747	0	0	0	0	0	0	0	612	0	188	0	0	0	162	0	1	0	0	0	0	0	0	0	0	0
Zotu939	0	0	66	4	8	420	10	51	59	0	0	0	0	12	0	83	0	1	0	0	0	0	0	0	360	241	65	388	234	582	480	89	121	79	1	194	0	6	10	131	10	69	64	0	0	12	67	67	146	119	4	20	72	0	0	83	0	36	101	200	0	0	0	0	175	28	82	149	203	207	62	165	160	160	193	65	55	34	16	503	259	90	312	517	141	154	228	143	0	0	0	0	0	0	0	4	0	3	0	0	0	4	0	0	0	0	0	0	0	0	0	0	0
Zotu970	0	0	0	193	168	251	63	7	0	0	14	0	272	133	0	211	0	1	0	0	0	0	0	117	0	0	0	0	1	0	0	0	0	0	0	0	0	0	0	0	0	0	0	0	0	0	0	0	0	0	181	0	0	0	0	0	0	0	0	0	0	0	0	0	427	16	0	4	24	19	2660	1513	1313	1885	1398	1468	1795	1162	1774	636	1353	1230	183	468	385	428	1487	1802	0	0	0	0	0	0	0	0	0	1	0	0	0	0	0	0	0	0	0	0	0	0	0	0	0
Zotu6392	0	0	0	399	0	0	0	0	0	0	0	0	0	0	0	0	0	0	0	0	0	0	0	0	0	0	27	0	0	0	0	61	0	1708	1737	46	857	0	433	396	0	0	1377	1	0	0	266	0	0	1	34	7	0	0	0	0	0	0	0	0	140	3	0	0	0	0	0	0	0	0	0	0	0	0	0	0	0	0	0	0	0	0	0	0	0	0	0	0	0	0	431	0	6	0	1	692	0	4332	0	0	625	107	150	20	4	13	0	165	99	0	3	0	0
Zotu8957	0	0	0	174	0	0	0	0	0	0	0	0	0	0	0	0	0	0	0	0	0	0	0	0	0	0	1	0	0	0	0	39	18	360	509	6	204	0	109	114	0	0	90	0	0	0	3	0	0	0	3	0	0	0	0	0	0	0	0	0	17	0	0	0	0	0	0	0	0	0	0	0	0	0	0	0	0	0	0	0	0	0	0	0	0	0	0	0	0	0	0	12	0	0	0	245	0	55	0	0	90	0	0	0	222	0	0	55	0	0	0	0	0
Zotu7109	0	0	0	9	9	312	9998	1881	5382	0	33	0	0	0	0	0	515	3083	0	1749	4202	0	0	40	0	0	0	0	0	0	0	0	0	0	0	0	0	0	0	0	0	0	0	0	0	0	0	0	0	0	0	0	0	1	1460	2230	3192	0	0	0	0	0	0	0	0	0	0	0	3	0	0	0	0	0	0	0	0	0	0	0	0	0	0	0	0	0	0	0	0	0	0	0	0	0	0	0	0	0	0	0	0	0	0	0	0	0	0	0	0	0	0	0	0
Zotu5880	0	0	0	0	52	0	0	0	0	0	0	0	0	0	0	0	0	0	0	0	0	0	0	0	0	0	0	0	0	0	0	0	0	0	0	0	0	0	0	0	0	0	0	0	0	0	0	0	0	0	0	0	0	0	0	0	0	0	0	0	0	0	0	0	0	0	0	0	8	0	0	0	0	0	0	0	0	0	0	0	0	0	0	0	0	0	0	0	0	0	0	0	0	0	0	0	0	0	0	0	0	0	0	0	0	0	0	0	0	0	300	0	0
Zotu9920	0	0	0	0	3	4	0	0	0	9	31	9	26	0	0	0	4	0	89	21	6	12	17	0	0	0	0	0	3	0	0	0	0	0	22	18	0	6	0	6	16	11	1	0	0	2	0	0	0	0	0	0	0	0	0	0	0	0	0	0	0	0	0	0	0	0	0	0	0	0	0	0	0	0	0	0	0	0	0	0	0	0	0	0	0	0	0	0	0	0	0	0	1	0	0	0	0	0	0	0	0	0	0	0	0	0	0	0	0	0	0	0	0
Zotu5771	0	0	0	0	1	0	0	115	0	0	88	0	0	0	0	0	0	0	0	0	0	0	0	0	0	0	0	0	0	0	0	0	0	0	0	0	0	0	0	0	0	0	0	0	0	0	0	0	0	0	0	0	0	0	0	0	0	0	0	0	0	0	0	0	0	0	0	0	0	0	0	0	0	0	0	0	0	0	0	0	0	0	0	0	0	0	0	0	0	0	0	0	0	0	0	0	0	0	0	0	0	0	0	0	0	0	0	0	0	0	0	0	0
Zotu621	0	0	0	0	1	0	0	44	0	0	1185	0	0	507	63	1	0	0	0	21	0	0	88	0	0	0	0	0	0	0	0	0	0	0	0	0	0	0	0	0	0	0	0	0	0	0	0	0	0	0	0	0	0	0	0	0	0	0	0	0	0	0	0	0	0	0	0	0	0	0	0	0	0	0	0	0	0	0	0	0	0	0	0	0	0	18	0	0	0	0	734	520	0	671	0	0	0	0	0	0	503	628	0	525	0	246	0	0	0	0	0	0	0
Zotu10721	0	0	0	0	0	734	0	0	0	0	2859	237	0	0	0	0	0	0	0	288	214	0	0	0	0	0	0	0	0	0	0	1	0	0	132	0	0	0	0	1	0	2	0	0	0	0	0	0	0	0	0	0	0	0	0	0	0	0	1	1	0	0	0	0	0	0	0	0	0	0	0	0	0	0	0	0	30	3454	0	0	0	0	0	0	0	0	0	0	2775	439	1117	227	3732	2711	427	326	1	2023	0	285	2	0	0	0	844	237	2786	2111	223	651	2333	5344	0
Zotu9322	0	0	0	0	0	510	0	0	0	0	0	0	0	0	0	0	0	0	0	0	0	0	0	0	0	0	0	0	0	0	0	0	0	0	0	0	0	0	0	0	0	0	0	0	0	0	0	0	0	0	0	0	0	0	0	0	0	0	0	0	0	0	0	0	0	0	0	187	607	0	0	0	0	0	0	0	0	0	0	0	0	0	0	0	0	0	0	0	0	0	0	0	0	0	0	0	0	0	0	0	0	0	0	0	0	0	0	0	0	0	0	0	0
Zotu5423	0	0	0	0	0	201	0	0	0	0	3	1	1	0	0	0	0	0	0	2	2	0	0	0	0	0	0	0	0	0	0	0	0	0	13	0	0	0	0	0	0	0	0	0	0	0	0	0	0	0	0	0	0	0	0	0	0	0	0	0	0	0	0	0	0	0	0	0	0	0	0	0	0	0	0	0	3	54	0	0	0	0	0	0	0	0	0	0	0	0	1	1	6	889	76	1	0	6	0	27	0	0	0	0	0	37	6	141	0	2	3	299	0
Zotu855	0	0	0	0	0	115	0	0	0	1	651	2	0	0	0	0	0	0	0	2	0	0	0	0	0	0	0	0	0	0	0	0	0	0	0	0	0	0	0	0	0	0	0	0	0	0	0	0	0	0	0	0	0	0	0	0	0	0	0	0	0	0	0	0	0	0	0	0	0	0	0	0	0	0	0	0	4	268	0	0	0	0	0	0	0	0	0	0	0	0	349	24	147	601	50	3	0	13	0	78	0	0	0	0	0	1	392	481	46	499	552	306	0
Zotu873	0	0	0	0	0	5	0	0	0	0	9	1	0	0	0	0	0	0	0	0	0	0	0	0	0	0	0	0	0	0	0	0	0	0	0	0	0	0	0	0	0	0	0	0	0	0	0	0	0	0	0	0	0	0	0	0	0	0	0	0	0	0	0	0	0	0	0	0	0	0	0	0	0	0	0	0	3	99	0	0	0	0	0	0	0	0	0	0	4	0	5	0	193	28	1	0	0	64	0	1	0	0	0	0	1	3	60	114	70	702	697	19	0
Zotu10049	0	0	0	0	0	0	197	0	0	0	0	0	0	0	0	0	0	0	0	0	0	0	0	0	0	0	0	0	0	0	0	0	0	0	0	0	0	0	0	0	0	0	0	0	0	0	0	0	0	0	1	0	0	0	0	0	0	0	0	0	0	0	0	0	0	0	0	0	0	0	0	0	0	0	0	0	0	0	0	0	0	0	0	0	0	0	0	0	0	0	0	0	0	0	0	0	0	0	0	0	0	0	0	0	0	0	0	0	0	0	0	0	0
Zotu9987	0	0	0	0	0	0	87	1	266	0	0	0	0	0	0	34	0	0	0	0	0	0	0	0	0	0	0	0	0	0	0	0	1	0	0	0	0	0	0	0	0	0	0	0	0	0	0	0	0	0	0	0	0	0	0	0	0	0	0	0	0	0	0	0	0	0	0	0	0	0	0	0	0	0	0	0	0	0	0	0	0	0	0	0	0	0	0	0	0	0	0	0	0	0	0	0	0	0	0	0	0	0	0	0	0	0	0	0	0	0	0	0	0
Zotu9607	0	0	0	0	0	0	0	179	0	0	0	0	0	0	0	5272	0	0	0	0	0	0	0	0	0	0	0	0	0	0	0	0	0	0	0	0	0	0	0	0	0	0	0	0	0	0	0	0	0	0	0	0	0	0	0	0	0	0	0	0	0	0	0	0	0	0	0	0	0	0	0	0	0	0	0	0	0	0	0	0	0	0	0	0	0	0	0	0	0	0	0	0	0	0	0	0	0	0	0	0	0	0	0	0	0	0	0	0	0	0	0	0	0
Zotu10263	0	0	0	0	0	0	0	73	0	0	0	0	0	0	0	0	0	0	0	0	0	0	0	0	0	0	0	0	0	0	0	0	0	0	0	0	0	0	0	0	38	0	0	0	0	0	0	0	0	0	0	0	0	0	0	0	0	0	0	0	29	0	0	0	0	0	0	19	0	0	0	0	0	0	0	0	0	0	0	0	0	125	0	0	0	10	0	0	0	0	0	0	0	0	0	0	0	0	0	0	0	0	0	0	0	0	0	0	0	0	0	0	0
Zotu9613	0	0	0	0	0	0	0	31	0	0	0	0	0	0	2038	0	2470	92	12	0	554	62	117	24	0	0	0	0	0	0	0	0	0	0	538	16	0	0	24	0	0	0	0	0	0	42	0	0	0	0	0	0	0	0	0	0	3	15	0	0	0	0	0	0	0	0	0	0	0	0	0	0	0	0	0	0	0	0	0	0	42	0	0	0	0	0	0	0	0	0	0	0	1	0	0	106	3	0	0	0	0	0	0	0	0	0	0	0	0	0	0	0	0
Zotu7892	0	0	0	0	0	0	0	3	0	0	0	0	0	0	0	0	19	3	0	0	1	0	1	0	0	0	0	0	0	0	0	0	0	0	288	0	0	0	0	0	0	0	0	0	0	34	0	0	0	0	0	0	0	0	0	0	10	12	0	0	0	0	0	0	0	0	0	0	0	0	0	0	0	0	0	0	0	0	0	0	17	0	0	0	0	0	0	0	0	0	0	0	0	0	0	0	0	0	0	0	0	0	0	0	0	0	0	0	0	0	0	0	0
Zotu5186	0	0	0	0	0	0	0	2	107	0	0	0	0	0	0	73	0	46	0	0	0	0	0	0	664	0	452	831	197	0	0	0	0	34	674	0	6	186	14	32	70	119	266	3	69	31	14	20	3	0	0	18	78	19	0	22	0	15	0	0	0	0	0	0	0	0	0	0	0	0	0	0	0	0	0	0	0	0	0	0	0	0	0	0	0	0	0	0	511	235	149	17	0	533	0	1	0	0	0	11	0	0	97	0	0	1	99	95	12	0	95	0	0
Zotu9195	0	0	0	0	0	0	0	8	0	0	0	0	0	0	0	445	0	0	0	0	0	0	0	0	0	0	0	0	0	0	0	0	63	0	0	0	0	0	0	0	0	147	0	0	0	0	0	0	0	0	0	0	0	0	0	0	0	0	1	0	0	0	0	0	0	0	0	0	0	0	0	0	0	0	0	0	0	0	0	0	0	0	0	0	0	0	0	0	0	2297	152	0	0	1523	589	1778	1946	1	4676	0	247	5993	93	0	1995	150	0	56	1101	10	791	0	0
Zotu9879	0	0	0	0	0	0	0	15	0	0	0	0	0	2	0	71	0	0	0	0	0	0	0	0	7	120	176	42	0	15	88	27	161	110	18	1	57	7	170	106	73	11	0	0	1	4	0	96	10	23	47	58	14	43	22	174	51	69	59	18	72	122	22	259	0	5	0	0	1	0	0	0	0	0	0	0	0	0	0	1	0	0	0	0	0	1	0	0	0	3	109	0	0	0	0	1	0	4	0	0	0	1	1	1	0	1	33	106	12	0	0	0	55
Zotu5988	0	0	0	0	0	0	0	1	15	0	0	0	0	0	0	124	0	12	0	0	0	0	0	0	135	0	80	234	37	0	0	0	0	0	15	7	0	9	6	2	14	36	93	0	9	0	0	1	0	0	0	0	15	1	0	3	0	0	0	0	0	0	0	0	0	0	0	0	0	0	0	0	0	0	0	0	0	0	0	0	0	0	0	0	0	0	0	0	81	0	1	15	0	0	0	38	0	0	0	1	0	0	0	0	0	1	1	82	0	0	162	0	0
Zotu9900	0	0	0	0	0	0	0	0	1	0	0	0	0	0	0	0	0	0	0	0	0	0	0	0	0	0	145	0	1	3	0	0	0	0	18	0	44	0	1	0	0	0	91	0	0	0	0	1	1	2	1	0	0	0	0	0	0	0	0	0	1	175	9	65	0	0	0	0	0	0	0	0	0	0	0	0	0	0	0	0	0	0	0	0	0	0	0	0	0	0	0	0	0	0	0	0	0	0	0	0	0	0	0	0	0	0	0	0	0	0	0	0	2
Zotu9556	0	0	0	0	0	0	0	0	0	312	106	0	0	107	0	0	0	0	22	124	186	0	0	4	0	0	0	0	0	0	0	0	0	0	0	0	0	0	0	0	0	0	0	0	0	0	0	0	0	0	0	0	0	0	0	0	0	0	0	0	0	0	0	0	0	0	0	0	0	0	0	0	0	0	0	0	0	0	0	0	0	0	0	0	0	0	0	0	0	0	0	0	0	0	0	0	0	0	0	0	0	0	0	0	0	0	0	0	0	0	0	0	0
Zotu9837	0	0	0	0	0	0	0	0	0	903	602	0	658	450	0	0	0	0	194	976	374	0	0	57	0	0	0	0	0	0	0	0	0	0	0	0	0	0	0	0	0	0	0	0	0	0	0	0	0	0	0	0	0	0	0	0	0	0	0	1	0	0	0	0	0	0	0	0	0	0	0	0	0	0	0	0	0	3	0	0	0	0	0	0	0	0	0	0	0	0	0	0	0	0	0	0	0	0	0	0	0	0	0	0	0	0	6	0	0	1	0	0	0
Zotu7205	0	0	0	0	0	0	0	0	0	0	179	0	0	0	0	0	4827	0	146	355	0	0	46	0	0	0	0	0	0	0	0	0	0	0	0	0	0	0	0	0	0	0	0	0	0	0	0	0	0	0	0	0	0	0	0	0	0	0	0	0	0	0	0	0	0	0	0	0	0	0	0	0	0	0	0	0	0	0	0	0	0	0	0	0	0	0	0	0	0	0	0	0	0	0	0	0	0	0	0	0	0	0	0	0	0	0	0	0	0	0	0	0	0
Zotu9100	0	0	0	0	0	0	0	0	0	0	2954	0	1352	0	0	0	2279	0	1290	0	0	3254	248	42	0	0	0	0	0	0	0	0	0	0	0	0	0	0	0	0	0	0	0	0	0	0	0	0	0	0	0	0	0	0	0	0	0	0	0	0	0	0	0	0	0	0	0	0	0	0	0	1	0	0	0	0	0	0	0	0	0	0	0	0	0	0	0	0	0	0	0	0	0	0	0	0	0	0	0	0	0	0	0	0	0	0	0	0	0	0	0	0	0
Zotu5313	0	0	0	0	0	0	0	0	0	0	1	0	0	0	0	0	117	0	0	0	0	0	0	0	0	0	0	0	0	0	0	0	0	0	0	0	0	0	0	0	0	0	0	0	0	0	0	0	0	0	0	0	0	0	0	0	0	0	0	0	0	0	0	0	0	0	0	0	0	0	0	0	0	0	0	0	0	0	0	0	0	0	0	0	0	0	0	0	0	0	0	0	0	0	0	0	0	0	0	0	0	0	0	0	0	0	0	0	0	0	0	0	0
Zotu7409	0	0	0	0	0	0	0	0	0	0	1	0	0	0	0	0	0	0	0	0	0	0	0	0	0	0	0	0	0	0	0	0	0	0	0	0	0	0	0	0	0	0	0	0	0	0	0	0	0	0	0	0	0	0	0	0	0	0	0	1	0	0	0	0	11	7	13	12	5	3	0	0	3	0	0	0	4	4	0	3	0	0	0	0	2	6402	113	18	0	0	0	0	0	2	0	1	0	0	0	0	0	0	0	0	0	0	0	0	0	0	0	0	0
Zotu8089	0	0	0	0	0	0	0	0	0	0	1	0	0	0	0	0	0	0	0	0	0	0	0	0	0	0	0	0	0	0	0	0	0	0	0	0	0	0	0	0	0	0	0	0	0	0	0	0	0	0	0	0	0	0	0	0	0	0	0	0	0	0	0	0	0	0	0	0	0	0	0	0	0	0	0	0	0	0	0	0	0	0	0	0	0	0	0	0	0	0	0	0	0	0	0	0	0	3	0	0	0	0	0	0	0	0	0	0	0	0	209	0	0
Zotu8602	0	0	0	0	0	0	0	0	0	0	0	276	0	0	0	0	0	0	0	0	0	0	0	0	0	0	0	104	0	0	0	0	0	0	0	0	0	0	0	0	0	0	0	2	1	0	0	0	0	0	0	0	0	0	0	0	0	0	0	0	0	18	0	0	0	0	0	27	46	0	0	13	0	0	0	0	0	0	0	0	0	0	77	0	0	0	0	0	332	0	0	0	0	0	0	0	0	0	0	0	0	0	0	0	0	0	0	0	0	0	0	0	0
Zotu8647	0	0	0	0	0	0	0	0	0	0	0	1	0	0	0	0	0	0	0	0	0	0	0	0	0	0	0	67	3	5	0	0	0	0	0	0	0	0	0	0	0	0	49	0	0	0	0	0	0	0	0	0	0	0	0	0	0	0	0	0	0	7	0	0	15	0	0	20	1	0	0	12	0	0	0	0	0	0	0	0	0	0	131	0	0	0	0	0	0	0	1	0	0	0	0	0	0	0	0	0	0	0	0	0	0	0	0	0	0	2	0	0	0
Zotu5785	0	0	0	0	0	0	0	0	0	0	0	0	96	0	0	0	0	0	0	0	0	0	0	0	0	0	0	0	0	0	0	0	0	0	0	0	0	0	0	0	0	0	0	0	0	0	0	0	0	0	0	0	0	0	0	0	0	0	0	0	0	0	0	0	0	0	0	0	0	0	0	0	0	0	0	0	0	0	0	0	0	0	0	0	0	0	0	0	0	0	0	0	0	0	0	0	0	0	0	0	0	0	0	0	0	0	0	0	0	0	0	0	0
Zotu9408	0	0	0	0	0	0	0	0	0	0	0	0	0	33	0	0	0	231	0	167	0	715	0	0	0	0	0	0	0	0	0	0	0	0	0	0	0	0	0	0	0	0	0	0	0	0	0	0	0	0	0	0	0	0	0	0	0	0	0	0	0	0	0	0	0	0	0	0	0	0	0	0	0	0	0	0	0	0	0	0	0	0	0	0	0	0	0	0	0	0	0	0	0	0	0	0	0	0	0	0	0	0	0	0	0	0	0	0	0	0	0	0	0
Zotu9409	0	0	0	0	0	0	0	0	0	0	0	0	0	57	0	0	0	16	0	0	0	70	0	0	0	0	0	0	0	0	0	0	0	0	0	0	0	0	0	0	0	0	0	0	0	0	0	0	0	0	0	0	0	0	0	0	0	0	0	0	0	0	0	0	0	0	0	0	0	0	0	0	0	0	0	0	0	0	0	0	0	0	0	0	0	0	0	0	0	0	0	0	0	0	0	0	0	0	0	0	0	0	0	0	0	0	0	0	0	0	0	0	0
Zotu9563	0	0	0	0	0	0	0	0	0	0	0	0	0	118	0	0	0	0	0	0	534	0	0	0	0	0	0	0	0	0	0	0	0	0	0	0	0	0	0	0	0	0	0	0	0	0	0	0	0	0	0	0	0	0	0	0	0	0	0	0	0	0	0	0	0	0	0	0	0	0	0	0	0	0	0	0	0	0	0	0	0	0	0	0	0	0	0	0	0	0	0	0	0	0	0	0	0	0	0	0	0	0	0	0	0	0	0	0	0	0	0	0	0
Zotu8216	0	0	0	0	0	0	0	0	0	0	0	0	0	18	0	0	0	0	0	0	0	0	0	0	0	0	0	0	0	0	0	0	0	0	0	0	0	0	0	0	0	0	0	0	0	0	0	0	0	0	0	0	0	0	0	0	0	0	0	0	0	0	0	0	0	0	0	0	1	0	0	0	0	0	0	0	0	0	0	0	0	0	0	0	0	0	0	0	0	290	0	0	0	0	0	0	0	0	0	0	0	0	0	0	0	0	0	0	0	0	0	0	0
Zotu4487	0	0	0	0	0	0	0	0	0	0	0	0	0	2	0	0	0	0	0	0	0	0	0	0	0	0	0	0	0	0	0	0	0	0	0	0	0	0	0	0	0	0	0	0	0	0	0	0	0	0	0	0	0	0	0	0	0	0	0	0	0	0	0	0	0	0	0	0	0	0	0	1	0	0	0	0	0	0	0	1	0	0	0	0	0	0	0	0	0	0	0	0	0	0	0	0	0	0	0	0	0	31	0	0	202	10	0	0	0	0	0	0	0
Zotu752	0	0	0	0	0	0	0	0	0	0	0	0	0	0	623	0	1106	0	0	0	301	165	181	33	0	0	0	0	0	0	0	0	0	0	0	0	0	0	120	0	0	0	0	0	0	0	0	0	0	0	0	0	0	0	0	0	0	0	0	0	0	0	0	0	0	0	0	0	0	0	0	0	0	0	0	0	0	0	0	0	40	0	0	0	0	0	0	0	0	0	0	0	0	0	0	0	0	0	0	0	0	0	0	0	0	0	0	0	0	0	0	0	0
Zotu7980	0	0	0	0	0	0	0	0	0	0	0	0	0	0	1	1	0	1	0	482	0	0	0	0	0	515	0	0	434	0	482	300	0	0	0	1762	0	0	6	0	0	0	0	0	21	0	0	0	0	0	1	0	0	0	0	106	0	407	0	0	0	0	0	0	1053	1616	1594	21	54	1108	402	17	1608	856	2582	347	45	221	939	548	125	124	1	1	4	1	4	7	0	0	0	0	0	0	0	0	0	0	0	0	0	0	0	0	0	0	0	0	0	0	0	0	0
Zotu9351	0	0	0	0	0	0	0	0	0	0	0	0	0	0	0	1	0	0	0	0	0	0	0	0	0	209	0	0	0	0	215	0	1353	0	0	0	0	0	0	0	0	0	0	0	0	0	0	160	0	58	55	1	3	0	0	0	0	0	1001	0	2653	45	5776	1	0	0	0	0	0	0	1	0	0	0	0	0	0	0	0	0	0	0	0	0	0	0	0	0	1031	3167	257	61	0	0	897	1136	0	27	1016	46	0	0	520	455	0	0	0	0	145	269	0	0	28
Zotu5937	0	0	0	0	0	0	0	0	0	0	0	0	0	0	0	1	1	0	0	0	0	0	0	0	28	4123	72	620	0	999	2590	924	0	92	1105	0	1506	55	94	779	2600	1315	286	0	1619	72	226	45	206	0	58	0	137	0	0	0	0	0	0	57	191	438	76	54	0	0	0	0	0	0	0	0	0	0	0	0	0	0	0	0	0	0	0	0	0	0	0	0	0	0	0	0	0	0	997	0	570	1292	745	606	681	278	0	412	1015	44	0	0	0	0	0	0	0
Zotu9356	0	0	0	0	0	0	0	0	0	0	0	0	0	0	0	0	410	0	22	0	0	0	0	0	0	0	0	0	0	0	0	0	0	0	0	0	0	0	0	0	0	0	0	0	0	0	0	0	0	0	0	0	0	0	0	0	0	0	0	0	0	0	0	0	0	0	0	0	0	0	0	0	0	0	0	0	0	0	0	0	0	0	0	0	0	0	0	0	0	0	0	0	0	0	0	0	0	0	0	0	0	0	0	0	0	0	0	0	0	0	0	0	0
Zotu9611	0	0	0	0	0	0	0	0	0	0	0	0	0	0	0	0	1	0	0	0	1	0	0	0	0	0	0	0	0	0	0	0	0	0	1	0	0	0	0	0	0	0	0	0	0	0	0	0	0	0	0	0	0	0	0	0	0	0	0	0	0	0	0	0	0	0	0	0	0	0	0	0	0	0	0	0	0	0	0	0	0	0	0	0	0	0	0	0	0	0	0	0	2	0	23	0	1	0	0	0	0	8	0	10	0	1	0	1	1	1	15	1	0
Zotu9653	0	0	0	0	0	0	0	0	0	0	0	0	0	0	0	0	1	0	0	0	0	0	335	0	0	0	0	0	0	0	0	0	0	0	0	0	0	0	0	0	77	0	0	0	946	29	2	0	0	0	0	0	750	0	1	29	23	6	0	0	0	0	0	0	3	74	0	4	152	97	100	6	3	37	60	14	5	275	231	166	159	1	387	107	539	23	295	48	0	0	0	0	0	22	0	0	0	0	0	0	0	0	0	0	0	0	0	1	3	0	0	0	0
Zotu11324	0	0	0	0	0	0	0	0	0	0	0	0	0	0	0	0	0	0	40	0	0	0	0	0	0	0	0	0	0	0	0	0	0	0	0	0	0	0	0	0	0	0	0	0	0	0	0	0	0	0	0	0	0	0	0	0	0	0	0	0	0	0	0	0	0	0	0	0	0	0	0	0	0	0	0	0	0	0	0	0	0	0	0	0	0	0	0	0	0	0	0	0	0	0	0	0	0	0	0	0	0	0	0	0	0	0	0	0	0	0	0	0	0
Zotu8197	0	0	0	0	0	0	0	0	0	0	0	0	0	0	0	0	0	0	0	1	0	0	0	0	101	398	2738	928	140	862	174	1306	113	0	3	26	814	219	1187	751	346	2155	8	569	0	11	72	20	4	6	12	40	23	0	0	0	0	0	505	929	150	25	3	528	0	0	0	0	1	0	0	0	0	0	0	0	1	0	0	0	0	0	0	0	0	0	0	0	0	0	0	0	0	0	0	0	0	0	0	0	0	0	0	0	0	0	0	0	0	0	0	0	3
Zotu5593	0	0	0	0	0	0	0	0	0	0	0	0	0	0	0	0	0	0	0	0	273	0	0	0	0	0	0	0	0	0	0	0	0	0	0	0	0	0	0	0	0	0	0	0	0	0	1	0	0	0	0	0	0	0	0	0	0	0	0	0	0	0	0	0	0	0	0	0	0	0	0	0	0	0	0	0	0	0	0	0	0	0	0	0	0	0	0	0	0	0	0	0	0	0	0	0	0	0	0	0	0	0	0	0	0	0	0	0	0	0	0	0	0
Zotu7625	0	0	0	0	0	0	0	0	0	0	0	0	0	0	0	0	0	0	0	0	212	0	0	0	0	0	0	0	0	0	0	0	0	0	0	0	0	0	0	0	0	0	0	0	0	0	0	0	0	0	0	0	0	0	0	0	0	0	0	0	0	0	0	0	0	0	0	0	0	0	0	0	0	0	0	0	0	0	0	0	0	0	0	0	0	0	0	0	0	0	0	0	0	0	0	0	0	0	0	0	0	0	0	0	0	0	0	0	0	0	0	0	0
Zotu8523	0	0	0	0	0	0	0	0	0	0	0	0	0	0	0	0	0	0	0	0	115	0	9	0	0	0	0	0	0	0	0	0	0	0	0	0	0	0	0	0	0	0	0	0	0	0	0	0	0	0	0	0	0	0	0	0	0	0	0	0	0	0	0	0	0	0	0	0	0	0	0	0	0	0	0	0	0	0	0	0	0	0	0	0	0	0	0	0	0	0	0	0	0	0	0	0	0	0	0	0	0	0	0	0	0	0	0	0	0	0	0	0	0
Zotu9956	0	0	0	0	0	0	0	0	0	0	0	0	0	0	0	0	0	0	0	0	0	0	1	0	0	0	342	0	0	0	0	0	0	82	207	82	0	0	0	0	0	0	708	0	0	0	0	0	0	0	0	170	0	0	0	0	0	0	0	0	0	0	0	0	0	0	0	0	0	0	0	0	0	0	0	0	0	0	0	0	0	0	0	0	0	0	0	0	0	0	0	0	0	0	0	0	0	0	0	0	0	0	0	172	0	0	0	0	0	0	0	0	0
Zotu8965	0	0	0	0	0	0	0	0	0	0	0	0	0	0	0	0	0	0	0	0	0	0	0	0	5	2	136	10	0	34	51	13	4	0	0	0	34	7	152	10	9	29	0	2	0	0	0	2	1	0	0	5	1	0	0	0	0	0	16	52	6	3	0	38	0	0	0	0	0	0	0	0	0	0	0	0	0	0	0	0	0	0	0	0	0	0	0	0	0	0	0	0	0	0	0	0	0	0	0	0	0	0	0	0	0	0	0	0	0	0	0	0	0
Zotu9596	0	0	0	0	0	0	0	0	0	0	0	0	0	0	0	0	0	0	0	0	0	0	0	0	25	48	161	31	12	26	97	23	157	0	87	0	78	34	166	87	21	35	0	0	0	0	0	2	0	0	0	0	18	27	24	86	48	39	105	27	11	149	42	308	0	0	0	1	1	0	0	0	0	0	0	0	0	0	0	0	0	0	0	0	0	0	0	0	0	29	2	18	59	209	464	1	0	1	1	2	0	126	0	0	0	40	0	0	0	0	264	1	123
Zotu3268	0	0	0	0	0	0	0	0	0	0	0	0	0	0	0	0	0	0	0	0	0	0	0	0	4	0	69	32	0	0	0	0	0	0	2	0	0	0	28	35	12	3	350	0	0	0	26	0	0	0	0	0	0	0	0	0	0	0	0	0	0	0	0	0	0	0	0	0	0	0	0	0	0	0	0	0	0	0	0	0	0	0	0	0	0	0	0	0	0	0	0	0	0	0	0	0	0	1	0	0	1	179	0	1	0	0	0	0	0	0	0	0	0
Zotu9357	0	0	0	0	0	0	0	0	0	0	0	0	0	0	0	0	0	0	0	0	0	0	0	0	3	0	84	125	0	0	0	0	0	0	2	0	9	0	23	29	1	23	439	0	0	0	0	0	0	0	0	0	0	0	0	0	0	0	0	0	0	0	0	0	0	0	0	0	0	0	0	0	0	0	0	0	0	0	0	0	0	0	0	0	0	0	0	0	0	0	0	0	0	0	0	0	0	4	1	1	0	0	0	0	0	0	0	0	0	0	0	0	0
Zotu5979	0	0	0	0	0	0	0	0	0	0	0	0	0	0	0	0	0	0	0	0	0	0	0	0	1	0	2	128	10	5	0	0	0	0	0	0	0	0	0	0	0	0	76	3	4	0	0	0	0	0	0	0	0	0	0	0	0	0	0	0	0	13	0	0	0	1	0	181	189	0	0	90	1	0	0	0	0	0	0	0	0	0	525	0	1	0	0	0	0	0	261	0	0	0	0	0	0	0	0	0	0	143	0	0	0	0	0	0	0	459	0	0	0
Zotu10236	0	0	0	0	0	0	0	0	0	0	0	0	0	0	0	0	0	0	0	0	0	0	0	0	1	0	0	0	0	0	49	0	0	0	0	0	0	0	0	1	0	0	0	0	0	0	0	0	0	0	0	0	0	0	0	0	0	0	0	0	0	0	0	0	0	0	0	0	0	0	0	0	0	0	0	0	0	0	0	0	0	0	0	0	0	0	0	0	0	0	0	0	0	0	0	0	0	0	0	0	0	0	0	0	0	0	0	0	0	0	0	0	0
Zotu5287	0	0	0	0	0	0	0	0	0	0	0	0	0	0	0	0	0	0	0	0	0	0	0	0	1	90	0	0	0	0	40	0	0	0	0	0	0	0	0	0	0	0	0	0	0	0	0	0	0	0	0	0	0	0	0	0	0	0	0	0	0	0	0	0	0	0	0	0	0	0	0	0	0	0	0	0	0	0	0	0	0	0	0	0	0	0	0	0	0	0	0	0	0	0	0	0	0	0	0	0	0	0	0	0	0	0	0	0	0	0	0	0	0
Zotu9723	0	0	0	0	0	0	0	0	0	0	0	0	0	0	0	0	0	0	0	0	0	0	0	0	0	105	0	0	0	0	67	0	220	0	0	0	0	0	0	0	0	0	0	0	0	0	0	38	0	8	7	0	17	0	0	0	0	0	145	0	405	0	789	1	0	0	0	0	0	0	0	0	0	0	0	0	0	0	0	0	0	0	0	0	0	0	0	0	616	966	1	0	0	0	92	190	0	195	0	80	0	0	0	0	0	0	0	0	0	165	0	0	0
Zotu11164	0	0	0	0	0	0	0	0	0	0	0	0	0	0	0	0	0	0	0	0	0	0	0	0	0	31	0	4	0	0	0	0	0	0	0	0	0	0	1	0	0	0	0	0	7	0	0	0	0	0	0	0	0	0	0	0	0	0	0	0	0	0	0	0	0	0	0	0	1	0	0	0	0	0	0	0	0	0	0	0	0	0	0	0	0	0	0	0	0	0	0	0	0	0	0	0	0	0	0	0	0	0	0	0	0	0	0	0	0	0	0	0	0
Zotu897	0	0	0	0	0	0	0	0	0	0	0	0	0	0	0	0	0	0	0	0	0	0	0	0	0	14	0	0	0	0	8	29	1	2760	63	0	2	0	14	251	0	7	0	0	0	0	0	0	0	0	0	0	0	0	0	0	0	0	0	0	0	0	0	0	0	0	0	0	0	0	0	0	0	0	0	0	0	0	0	0	0	0	0	0	0	0	0	0	0	0	0	0	0	0	0	0	0	0	0	0	0	0	0	0	0	0	0	0	0	0	0	0	0
Zotu7771	0	0	0	0	0	0	0	0	0	0	0	0	0	0	0	0	0	0	0	0	0	0	0	0	0	1	0	0	0	0	0	0	13	0	0	0	0	0	0	0	0	0	0	0	0	0	0	2	0	0	1	0	0	0	0	0	0	0	10	0	10	0	17	0	0	0	0	0	0	0	0	0	0	0	0	0	0	0	0	0	0	0	0	0	0	0	0	0	183	201	3	11	0	0	0	3	0	0	52	26	0	0	275	141	0	0	0	0	0	349	0	0	0
Zotu7022	0	0	0	0	0	0	0	0	0	0	0	0	0	0	0	0	0	0	0	0	0	0	0	0	0	0	156	0	0	0	0	0	0	117	656	118	0	0	0	0	0	0	14	2028	0	0	33	4	32	111	0	93	0	0	0	0	0	0	0	0	0	195	0	0	0	0	0	0	0	0	0	0	0	0	0	0	0	0	0	0	0	0	0	0	0	0	0	0	0	0	0	58	0	0	2288	354	23	0	2	0	1	0	0	872	693	0	0	1	0	0	0	0	0
Zotu9564	0	0	0	0	0	0	0	0	0	0	0	0	0	0	0	0	0	0	0	0	0	0	0	0	0	0	1	0	0	0	0	0	0	0	0	0	0	0	0	0	0	0	0	0	0	0	0	0	0	0	0	0	0	0	0	0	0	0	0	0	0	0	0	0	0	0	0	0	0	0	0	1	0	0	0	0	0	0	0	0	0	0	0	0	1	0	0	0	0	0	0	0	0	0	0	0	0	0	0	0	0	0	0	0	127	0	0	0	0	0	0	0	0
Zotu3813	0	0	0	0	0	0	0	0	0	0	0	0	0	0	0	0	0	0	0	0	0	0	0	0	0	0	20	27	0	0	0	0	0	0	105	0	1	5	14	19	3	2	45	0	0	0	1	0	0	0	0	0	0	0	0	0	0	0	0	0	0	0	0	0	0	0	0	0	0	0	0	0	0	0	0	0	0	0	0	0	0	0	0	0	0	0	0	0	1	0	0	23	0	0	0	0	0	0	145	0	0	3	0	0	0	0	0	0	0	0	0	0	0
Zotu6429	0	0	0	0	0	0	0	0	0	0	0	0	0	0	0	0	0	0	0	0	0	0	0	0	0	0	0	21	0	0	0	1	0	0	0	0	0	0	0	8	0	2	0	102	0	17	1	0	0	0	0	0	0	0	0	0	0	0	0	0	0	0	0	2	0	0	0	0	0	0	0	0	0	0	0	0	0	0	0	0	0	0	0	0	0	0	0	0	0	0	0	0	0	0	0	0	0	0	0	0	0	0	0	0	0	0	0	0	0	0	0	0	0
Zotu3121	0	0	0	0	0	0	0	0	0	0	0	0	0	0	0	0	0	0	0	0	0	0	0	0	0	0	0	1	0	0	0	0	0	0	0	0	0	0	0	1	0	0	0	0	0	0	0	0	0	0	0	0	0	0	0	0	0	0	0	0	0	0	0	0	0	0	0	0	0	0	0	0	0	0	0	0	0	0	0	0	0	0	0	0	0	0	0	0	0	0	0	0	0	0	0	0	0	0	0	0	0	0	0	0	0	0	0	0	138	121	957	0	0
Zotu11166	0	0	0	0	0	0	0	0	0	0	0	0	0	0	0	0	0	0	0	0	0	0	0	0	0	0	0	33	0	0	0	0	0	0	0	0	0	0	0	0	0	0	0	0	0	0	0	0	0	0	0	0	0	0	0	0	0	0	0	0	0	0	0	0	0	0	0	0	0	0	0	0	0	0	0	0	0	0	0	0	0	0	0	0	0	0	0	0	0	0	0	0	0	0	0	0	0	0	0	0	0	0	0	0	0	0	0	0	0	0	0	0	0
Zotu9262	0	0	0	0	0	0	0	0	0	0	0	0	0	0	0	0	0	0	0	0	0	0	0	0	0	0	0	14	0	2	0	0	0	0	0	0	2	0	0	0	8	0	0	160	0	0	0	0	0	0	0	0	0	0	0	0	0	0	0	0	0	0	0	0	0	0	0	0	0	0	0	0	0	0	0	0	0	0	0	0	0	0	0	0	0	0	0	0	0	0	0	0	34	0	0	0	0	0	0	0	0	0	0	0	0	0	0	0	0	0	0	0	0
Zotu8728	0	0	0	0	0	0	0	0	0	0	0	0	0	0	0	0	0	0	0	0	0	0	0	0	0	0	0	5	0	0	0	0	0	0	0	0	0	0	0	0	0	0	0	45	0	0	17	0	0	0	0	0	0	0	0	0	0	0	0	0	0	0	0	0	0	0	0	0	0	0	0	0	0	0	0	0	0	0	0	0	0	0	0	0	0	0	0	0	0	0	0	0	0	0	0	0	0	0	0	0	0	0	0	0	0	0	0	0	0	0	0	0	0
Zotu11706	0	0	0	0	0	0	0	0	0	0	0	0	0	0	0	0	0	0	0	0	0	0	0	0	0	0	0	0	5	0	0	0	0	0	0	0	0	0	0	0	0	0	3	0	49	0	0	0	0	0	0	0	0	0	0	0	0	0	0	0	0	0	0	0	0	0	0	0	0	0	0	0	4	0	0	0	0	0	0	0	2	0	0	0	0	2	3	0	0	0	0	0	0	0	0	0	0	0	0	0	0	0	0	0	0	0	0	0	0	0	0	0	0
Zotu10503	0	0	0	0	0	0	0	0	0	0	0	0	0	0	0	0	0	0	0	0	0	0	0	0	0	0	0	0	2	0	0	0	0	0	0	0	0	0	0	0	0	0	0	47	0	0	0	0	0	0	0	0	0	0	0	0	0	0	0	0	0	0	0	0	0	0	0	0	0	0	0	0	0	0	0	0	0	0	0	0	0	0	0	0	0	0	0	0	0	0	0	0	0	0	0	0	0	0	0	0	0	0	0	0	0	0	0	0	0	0	0	0	0
Zotu10971	0	0	0	0	0	0	0	0	0	0	0	0	0	0	0	0	0	0	0	0	0	0	0	0	0	0	0	0	0	1	0	1	0	0	0	0	9	0	0	0	0	0	0	37	0	5	0	0	0	0	0	0	0	0	0	0	0	0	0	0	0	0	0	0	0	0	0	0	0	0	0	0	0	0	0	0	0	0	0	0	0	0	0	0	0	0	0	0	0	0	0	0	0	0	0	0	0	0	0	0	0	0	0	0	0	0	0	0	0	0	0	0	0
Zotu6409	0	0	0	0	0	0	0	0	0	0	0	0	0	0	0	0	0	0	0	0	0	0	0	0	0	0	0	0	0	0	0	0	1	0	0	20	3880	9	0	0	363	0	0	7460	0	31	445	0	0	0	0	0	0	0	0	0	0	0	0	0	0	0	0	0	0	1	0	0	0	0	0	0	0	0	0	0	0	0	0	0	0	0	0	0	0	0	0	0	0	0	0	0	0	0	0	0	0	0	0	0	0	0	0	0	0	0	0	0	0	0	0	0	0
Zotu9529	0	0	0	0	0	0	0	0	0	0	0	0	0	0	0	0	0	0	0	0	0	0	0	0	0	0	0	0	0	0	0	0	0	1143	2004	133	230	244	447	2216	436	1013	119	373	51	101	0	0	0	0	0	0	0	0	134	0	0	0	0	0	0	0	0	1587	0	0	0	0	0	0	0	0	0	0	0	0	0	0	0	0	0	0	0	0	0	0	0	0	547	0	678	71	883	0	180	0	0	536	285	148	302	5	0	285	0	41	350	0	130	0	613	501	2
Zotu7748	0	0	0	0	0	0	0	0	0	0	0	0	0	0	0	0	0	0	0	0	0	0	0	0	0	0	0	0	0	0	0	0	0	146	311	2	50	18	97	297	42	199	36	2	12	0	0	0	0	0	0	0	0	0	2	0	0	0	0	0	0	0	0	189	0	0	0	0	0	0	0	0	0	0	0	0	0	0	0	0	0	0	0	0	0	0	0	0	2	0	99	63	177	0	0	0	0	178	169	0	46	0	0	0	0	1	145	0	32	0	4	190	0
Zotu11493	0	0	0	0	0	0	0	0	0	0	0	0	0	0	0	0	0	0	0	0	0	0	0	0	0	0	0	0	0	0	0	0	0	28	0	0	0	0	0	0	0	0	0	0	0	0	0	0	0	0	0	0	0	0	0	0	0	0	0	0	0	0	0	0	0	0	0	0	0	0	0	0	0	0	0	0	0	0	0	0	0	0	0	0	0	0	0	0	0	0	0	0	0	0	0	0	0	0	0	0	0	0	0	0	0	0	0	0	0	0	0	0	0
Zotu9896	0	0	0	0	0	0	0	0	0	0	0	0	0	0	0	0	0	0	0	0	0	0	0	0	0	0	0	0	0	0	0	0	0	0	136	329	0	0	0	0	0	0	816	0	0	0	0	0	0	0	0	0	0	0	0	0	0	0	0	0	0	0	0	0	0	0	0	0	0	0	0	0	0	0	0	0	0	0	0	0	0	0	0	0	0	0	0	0	0	0	0	13	0	0	0	0	0	0	0	0	0	0	0	0	0	61	0	0	0	425	44	0	0
Zotu3907	0	0	0	0	0	0	0	0	0	0	0	0	0	0	0	0	0	0	0	0	0	0	0	0	0	0	0	0	0	0	0	0	0	0	60	275	0	0	0	0	0	0	443	0	0	0	0	0	0	0	0	0	0	0	0	0	0	0	0	0	0	0	0	0	0	0	0	0	0	0	0	0	0	0	0	0	0	0	0	0	0	0	0	0	0	0	0	0	0	0	0	0	0	0	0	0	0	0	0	0	0	0	0	0	0	32	0	107	0	0	424	0	0
Zotu8192	0	0	0	0	0	0	0	0	0	0	0	0	0	0	0	0	0	0	0	0	0	0	0	0	0	0	0	0	0	0	0	0	0	0	46	187	0	0	0	0	0	0	148	0	0	0	0	0	0	0	0	0	0	0	0	0	0	0	0	0	0	0	0	0	0	0	0	0	0	0	0	0	0	0	0	0	0	0	0	0	0	0	0	0	0	0	0	0	0	0	0	0	0	0	0	0	0	0	0	0	0	0	0	0	0	0	0	0	0	139	99	0	0
Zotu6113	0	0	0	0	0	0	0	0	0	0	0	0	0	0	0	0	0	0	0	0	0	0	0	0	0	0	0	0	0	0	0	0	0	0	2	0	0	0	0	0	0	0	0	878	0	0	0	0	0	0	0	0	0	0	0	0	0	0	0	0	0	12	0	0	0	0	0	0	0	0	0	0	0	0	0	0	0	0	0	0	0	0	0	0	0	0	0	0	0	0	0	0	0	0	3	0	0	0	0	0	0	0	0	0	0	0	0	0	0	0	0	0	0
Zotu6276	0	0	0	0	0	0	0	0	0	0	0	0	0	0	0	0	0	0	0	0	0	0	0	0	0	0	0	0	0	0	0	0	0	0	1	1	0	0	0	0	0	0	0	0	0	0	0	0	0	0	0	0	0	0	0	0	0	0	0	0	0	0	0	0	0	0	0	0	0	0	0	0	0	0	0	0	0	0	0	0	0	0	0	1	0	0	0	0	10	9	0	2	1	1	31	20	0	0	3	0	1	5	9	3	2	0	15	0	0	10	3	5	0
Zotu8565	0	0	0	0	0	0	0	0	0	0	0	0	0	0	0	0	0	0	0	0	0	0	0	0	0	0	0	0	0	0	0	0	0	0	0	1799	0	0	0	0	0	0	0	0	0	0	0	0	0	0	0	0	0	0	0	15	7	0	0	1	2804	603	772	3015	2	0	0	0	2	0	0	0	0	0	0	0	0	0	0	0	0	0	0	0	0	0	0	0	107	789	0	0	58	157	1988	921	526	94	128	39	0	0	33	293	0	0	0	0	0	782	221	0	6
Zotu9866	0	0	0	0	0	0	0	0	0	0	0	0	0	0	0	0	0	0	0	0	0	0	0	0	0	0	0	0	0	0	0	0	0	0	0	155	0	0	0	0	0	0	53	0	0	0	8	0	0	0	0	0	0	0	0	0	0	0	0	0	0	0	0	0	0	0	0	0	0	0	0	0	0	0	0	0	0	0	0	0	0	0	0	0	0	0	0	0	388	0	1	0	5	3	1	190	58	0	0	0	244	0	600	0	1	0	0	0	0	0	8	0	0
Zotu7296	0	0	0	0	0	0	0	0	0	0	0	0	0	0	0	0	0	0	0	0	0	0	0	0	0	0	0	0	0	0	0	0	0	0	0	1	0	0	0	0	0	0	0	0	0	0	0	0	0	0	0	0	0	0	0	0	0	0	0	0	0	0	0	0	0	0	0	0	0	0	0	0	0	0	0	0	0	0	0	0	0	0	0	0	0	0	0	0	0	0	0	0	0	0	0	0	0	0	0	0	0	0	0	0	196	0	0	0	0	0	0	0	0
Zotu8351	0	0	0	0	0	0	0	0	0	0	0	0	0	0	0	0	0	0	0	0	0	0	0	0	0	0	0	0	0	0	0	0	0	0	0	0	607	0	0	0	107	0	0	1376	0	1	38	0	0	0	0	0	0	0	0	0	0	0	0	0	0	0	0	0	0	0	0	0	0	0	0	0	0	0	0	0	0	0	0	0	0	0	0	0	0	0	0	0	0	0	0	0	0	0	0	0	0	0	0	0	0	0	0	0	0	0	0	0	0	0	0	0	0
Zotu5709	0	0	0	0	0	0	0	0	0	0	0	0	0	0	0	0	0	0	0	0	0	0	0	0	0	0	0	0	0	0	0	0	0	0	0	0	10	0	2	7	267	0	0	0	0	0	0	0	0	0	0	0	0	0	0	0	0	0	0	0	0	0	0	0	0	0	0	0	0	0	0	0	0	0	0	0	0	0	0	0	0	0	0	0	0	0	0	0	0	0	0	0	0	0	0	0	0	0	0	0	0	0	0	0	0	0	0	0	0	0	0	0	0
Zotu10743	0	0	0	0	0	0	0	0	0	0	0	0	0	0	0	0	0	0	0	0	0	0	0	0	0	0	0	0	0	0	0	0	0	0	0	0	0	0	5	0	24	0	0	0	0	0	0	0	0	0	0	0	0	0	98	382	0	11	495	186	0	58	7	175	0	0	0	0	0	0	0	0	0	0	0	0	35	0	0	0	76	0	0	0	0	0	0	0	0	0	0	0	0	0	0	0	0	0	0	0	0	0	0	0	0	0	2	0	0	0	0	0	15
Zotu6503	0	0	0	0	0	0	0	0	0	0	0	0	0	0	0	0	0	0	0	0	0	0	0	0	0	0	0	0	0	0	0	0	0	0	0	0	0	0	0	0	0	0	0	27	0	3	0	0	0	0	0	0	0	0	0	0	0	0	0	0	0	0	0	0	0	0	0	0	0	0	0	0	0	0	0	0	0	0	0	0	0	0	0	0	0	0	0	0	5	21	0	0	4	0	7	1	30	0	0	4	0	38	80	20	192	0	0	2	0	68	447	16	0
Zotu772	0	0	0	0	0	0	0	0	0	0	0	0	0	0	0	0	0	0	0	0	0	0	0	0	0	0	0	0	0	0	0	0	0	0	0	0	0	0	0	0	0	0	0	435	0	0	7	0	0	0	0	0	0	0	0	0	0	0	0	0	0	0	0	0	0	0	0	0	0	0	0	0	0	0	0	0	0	0	0	0	0	0	0	0	0	0	0	0	241	0	27	0	479	0	6	0	8	1404	652	101	8	798	0	564	0	9	0	0	227	0	0	0	0
Zotu9258	0	0	0	0	0	0	0	0	0	0	0	0	0	0	0	0	0	0	0	0	0	0	0	0	0	0	0	0	0	0	0	0	0	0	0	0	0	0	0	0	0	0	0	614	5	0	0	0	0	0	0	0	0	11	0	0	0	0	0	0	0	62	0	149	0	0	0	0	0	0	0	0	0	0	0	0	0	0	0	0	0	0	0	0	0	0	0	0	0	1	2	0	0	0	0	0	0	0	0	0	0	0	0	0	0	0	0	0	0	0	0	0	0
Zotu8256	0	0	0	0	0	0	0	0	0	0	0	0	0	0	0	0	0	0	0	0	0	0	0	0	0	0	0	0	0	0	0	0	0	0	0	0	0	0	0	0	0	0	0	0	113	0	0	0	0	0	0	62	0	0	0	0	0	0	0	0	0	0	0	0	0	0	0	0	0	0	0	0	0	0	0	0	0	0	0	0	0	0	0	0	0	0	0	0	0	0	0	4	0	997	0	0	87	70	0	0	0	0	0	466	0	0	6	0	38	0	0	0	0
Zotu98	0	0	0	0	0	0	0	0	0	0	0	0	0	0	0	0	0	0	0	0	0	0	0	0	0	0	0	0	0	0	0	0	0	0	0	0	0	0	0	0	0	0	0	0	0	0	0	354	932	77	2986	530	1213	0	182	13	0	0	126	1751	679	1214	657	0	0	0	0	0	0	0	0	0	0	0	0	0	0	0	0	0	0	0	0	0	0	0	0	0	0	625	1770	0	661	0	0	0	0	782	0	304	0	803	0	199	0	0	0	0	0	0	0	0	8
Zotu9246	0	0	0	0	0	0	0	0	0	0	0	0	0	0	0	0	0	0	0	0	0	0	0	0	0	0	0	0	0	0	0	0	0	0	0	0	0	0	0	0	0	0	0	0	0	0	0	57	0	0	0	0	836	38	186	0	0	0	0	0	0	0	0	0	0	0	0	0	0	0	0	0	0	0	0	0	0	0	0	0	0	0	0	0	0	0	0	0	0	0	0	0	0	0	0	0	0	0	0	0	0	0	0	0	0	0	0	0	0	0	0	0	0
Zotu7401	0	0	0	0	0	0	0	0	0	0	0	0	0	0	0	0	0	0	0	0	0	0	0	0	0	0	0	0	0	0	0	0	0	0	0	0	0	0	0	0	0	0	0	0	0	0	0	97	164	23	606	129	282	0	70	1	0	0	14	500	273	286	186	0	0	0	0	0	0	0	1	0	0	0	0	0	0	0	0	0	0	0	0	0	0	0	0	0	1	0	2	0	0	0	0	0	0	0	0	1	0	1	0	4	0	0	0	0	0	0	0	0	0
Zotu8538	0	0	0	0	0	0	0	0	0	0	0	0	0	0	0	0	0	0	0	0	0	0	0	0	0	0	0	0	0	0	0	0	0	0	0	0	0	0	0	0	0	0	0	0	0	0	0	0	0	629	153	350	5	0	0	0	0	0	0	0	0	40	0	7	0	0	0	0	0	0	0	0	0	0	0	0	0	0	0	0	0	0	0	0	0	0	0	0	0	0	0	0	0	0	0	0	0	0	0	0	0	0	0	0	0	0	0	0	0	0	0	0	0
Zotu8526	0	0	0	0	0	0	0	0	0	0	0	0	0	0	0	0	0	0	0	0	0	0	0	0	0	0	0	0	0	0	0	0	0	0	0	0	0	0	0	0	0	0	0	0	0	0	0	0	0	0	105	0	0	0	0	0	0	0	0	0	0	0	0	0	0	0	0	0	0	0	0	0	0	0	0	0	0	0	0	0	0	0	7	0	0	0	0	0	0	0	0	0	0	0	0	0	0	0	0	0	0	0	0	0	0	0	0	0	0	0	0	0	0
Zotu6314	0	0	0	0	0	0	0	0	0	0	0	0	0	0	0	0	0	0	0	0	0	0	0	0	0	0	0	0	0	0	0	0	0	0	0	0	0	0	0	0	0	0	0	0	0	0	0	0	0	0	0	0	0	5091	0	0	136	0	0	0	0	0	0	0	0	0	0	0	0	0	0	0	0	0	0	0	0	0	0	0	0	0	0	0	0	0	0	0	0	0	0	0	0	0	0	0	0	0	0	0	0	0	0	0	0	0	0	0	0	0	0	0	3915
Zotu9106	0	0	0	0	0	0	0	0	0	0	0	0	0	0	0	0	0	0	0	0	0	0	0	0	0	0	0	0	0	0	0	0	0	0	0	0	0	0	0	0	0	0	0	0	0	0	0	0	0	0	0	0	0	573	733	0	838	149	67	158	240	2663	51	171	0	0	0	0	2	0	0	0	0	0	0	0	0	0	0	0	0	0	0	0	0	0	0	0	0	0	0	0	0	0	0	0	0	0	0	0	0	0	0	0	0	0	0	0	0	0	0	0	218
Zotu11467	0	0	0	0	0	0	0	0	0	0	0	0	0	0	0	0	0	0	0	0	0	0	0	0	0	0	0	0	0	0	0	0	0	0	0	0	0	0	0	0	0	0	0	0	0	0	0	0	0	0	0	0	0	267	125	0	124	32	22	38	91	410	20	194	0	0	0	0	0	0	0	0	0	0	0	0	0	0	0	0	0	0	0	0	0	0	0	0	0	0	0	0	0	0	0	0	0	0	0	0	0	0	0	0	0	0	0	0	0	0	0	0	142
Zotu5928	0	0	0	0	0	0	0	0	0	0	0	0	0	0	0	0	0	0	0	0	0	0	0	0	0	0	0	0	0	0	0	0	0	0	0	0	0	0	0	0	0	0	0	0	0	0	0	0	0	0	0	0	0	234	354	0	3	5	0	0	0	0	0	0	0	0	0	0	0	0	0	0	0	0	0	0	0	0	0	0	0	0	0	0	0	0	0	0	0	0	0	0	0	0	0	0	0	0	0	0	0	0	0	0	0	0	0	0	0	0	0	0	297
Zotu8864	0	0	0	0	0	0	0	0	0	0	0	0	0	0	0	0	0	0	0	0	0	0	0	0	0	0	0	0	0	0	0	0	0	0	0	0	0	0	0	0	0	0	0	0	0	0	0	0	0	0	0	0	0	34	565	248	23	264	0	0	0	0	0	0	0	0	0	0	0	0	0	0	0	0	0	0	0	0	0	0	0	0	0	0	0	0	0	0	0	0	0	0	0	0	0	0	0	0	0	0	0	0	0	0	0	0	0	0	0	0	0	0	70
Zotu9486	0	0	0	0	0	0	0	0	0	0	0	0	0	0	0	0	0	0	0	0	0	0	0	0	0	0	0	0	0	0	0	0	0	0	0	0	0	0	0	0	0	0	0	0	0	0	0	0	0	0	0	0	0	62	2381	283	44	476	0	0	0	0	0	0	0	0	0	0	0	1	0	0	0	0	0	0	0	0	0	0	0	0	0	0	0	0	0	0	0	0	0	0	0	0	0	0	0	0	0	0	0	0	0	0	0	0	0	0	0	0	0	0	268
Zotu2501	0	0	0	0	0	0	0	0	0	0	0	0	0	0	0	0	0	0	0	0	0	0	0	0	0	0	0	0	0	0	0	0	0	0	0	0	0	0	0	0	0	0	0	0	0	0	0	0	0	0	0	0	0	18	180	0	46	6	0	0	0	0	0	308	1	0	0	0	0	0	0	0	0	0	0	0	0	0	0	0	0	0	0	0	0	1	0	0	0	0	0	81	0	2738	0	0	0	0	2059	0	138	219	0	1	0	72	0	263	8	0	0	0	155
Zotu9352	0	0	0	0	0	0	0	0	0	0	0	0	0	0	0	0	0	0	0	0	0	0	0	0	0	0	0	0	0	0	0	0	0	0	0	0	0	0	0	0	0	0	0	0	0	0	0	0	0	0	0	0	0	51	948	172	24	246	0	0	0	0	0	0	0	0	0	0	0	0	0	0	0	0	0	0	0	0	0	0	0	0	0	0	0	0	0	0	0	0	0	0	0	0	0	0	0	0	0	0	0	0	0	0	0	0	0	0	0	0	0	0	145
Zotu7923	0	0	0	0	0	0	0	0	0	0	0	0	0	0	0	0	0	0	0	0	0	0	0	0	0	0	0	0	0	0	0	0	0	0	0	0	0	0	0	0	0	0	0	0	0	0	0	0	0	0	0	0	0	6	271	53	7	50	0	0	0	0	0	0	0	0	0	0	0	0	0	0	0	0	0	0	0	0	0	0	0	0	0	0	0	0	0	0	0	0	0	0	0	0	0	0	0	0	0	0	0	0	0	0	0	0	0	0	0	0	0	0	37
Zotu8195	0	0	0	0	0	0	0	0	0	0	0	0	0	0	0	0	0	0	0	0	0	0	0	0	0	0	0	0	0	0	0	0	0	0	0	0	0	0	0	0	0	0	0	0	0	0	0	0	0	0	0	0	0	0	108	0	0	0	0	0	0	0	0	0	0	0	0	0	0	0	0	0	0	0	0	0	0	0	0	0	0	0	0	0	34	0	0	0	0	0	336	104	0	0	0	0	1	2	343	1	0	0	0	0	0	0	481	1032	174	0	23	723	0
Zotu7290	0	0	0	0	0	0	0	0	0	0	0	0	0	0	0	0	0	0	0	0	0	0	0	0	0	0	0	0	0	0	0	0	0	0	0	0	0	0	0	0	0	0	0	0	0	0	0	0	0	0	0	0	0	0	104	0	0	0	0	0	0	0	0	0	0	0	0	0	0	0	0	0	0	0	0	0	0	0	0	0	0	0	0	0	0	0	0	0	0	0	0	0	0	0	0	0	0	0	0	0	0	0	0	0	0	0	0	0	0	0	0	0	0
Zotu9864	0	0	0	0	0	0	0	0	0	0	0	0	0	0	0	0	0	0	0	0	0	0	0	0	0	0	0	0	0	0	0	0	0	0	0	0	0	0	0	0	0	0	0	0	0	0	0	0	0	0	0	0	0	0	26	0	0	0	0	0	0	0	0	0	0	0	0	0	0	0	0	0	0	0	0	0	0	0	0	0	0	0	0	0	12	0	0	0	0	0	3	24	0	0	0	0	178	0	287	134	0	0	0	0	0	0	157	707	80	0	0	241	0
Zotu7997	0	0	0	0	0	0	0	0	0	0	0	0	0	0	0	0	0	0	0	0	0	0	0	0	0	0	0	0	0	0	0	0	0	0	0	0	0	0	0	0	0	0	0	0	0	0	0	0	0	0	0	0	0	0	34	0	0	0	0	0	0	0	0	0	0	0	0	0	0	0	0	0	0	0	0	0	0	0	0	0	0	0	0	0	0	0	0	0	0	0	0	0	0	0	0	0	0	0	0	0	0	0	0	0	0	0	0	0	0	0	0	0	756
Zotu9132	0	0	0	0	0	0	0	0	0	0	0	0	0	0	0	0	0	0	0	0	0	0	0	0	0	0	0	0	0	0	0	0	0	0	0	0	0	0	0	0	0	0	0	0	0	0	0	0	0	0	0	0	0	0	0	1	0	0	0	0	0	0	0	0	0	0	0	0	0	0	0	0	0	0	0	0	0	0	0	0	0	0	0	0	0	0	0	0	0	0	0	0	0	0	0	0	0	0	0	0	0	0	0	0	0	0	340	25	0	0	0	0	0
Zotu10794	0	0	0	0	0	0	0	0	0	0	0	0	0	0	0	0	0	0	0	0	0	0	0	0	0	0	0	0	0	0	0	0	0	0	0	0	0	0	0	0	0	0	0	0	0	0	0	0	0	0	0	0	0	0	0	0	0	0	0	0	9	505	18	91	0	0	0	0	0	0	0	0	0	0	0	0	0	0	0	0	0	0	0	0	0	0	0	0	0	0	0	0	0	0	0	0	0	0	0	0	0	5	0	0	53	0	0	0	0	0	0	0	0
Zotu8085	0	0	0	0	0	0	0	0	0	0	0	0	0	0	0	0	0	0	0	0	0	0	0	0	0	0	0	0	0	0	0	0	0	0	0	0	0	0	0	0	0	0	0	0	0	0	0	0	0	0	0	0	0	0	0	0	0	0	0	0	0	116	0	17	0	0	0	0	0	0	0	0	0	0	0	0	0	0	0	0	0	0	0	0	0	0	0	0	0	0	0	0	0	0	0	0	0	0	0	0	0	0	0	0	1	0	0	0	0	0	0	0	0
Zotu9931	0	0	0	0	0	0	0	0	0	0	0	0	0	0	0	0	0	0	0	0	0	0	0	0	0	0	0	0	0	0	0	0	0	0	0	0	0	0	0	0	0	0	0	0	0	0	0	0	0	0	0	0	0	0	0	0	0	0	0	0	0	0	0	0	4287	1693	8795	3281	277	1133	0	325	1104	86	0	0	622	300	12	1438	380	104	2	370	67	4	12	1037	0	0	0	0	0	0	0	0	0	0	0	1	0	0	0	0	0	0	0	0	0	0	0	0	0
Zotu5821	0	0	0	0	0	0	0	0	0	0	0	0	0	0	0	0	0	0	0	0	0	0	0	0	0	0	0	0	0	0	0	0	0	0	0	0	0	0	0	0	0	0	0	0	0	0	0	0	0	0	0	0	0	0	0	0	0	0	0	0	0	0	0	0	0	0	0	0	0	0	0	0	1	0	0	0	0	0	0	0	0	0	0	0	0	0	0	0	0	0	0	0	0	0	0	0	224	3797	0	0	430	0	1931	2	0	24360	0	0	0	0	0	0	0
Zotu9635	0	0	0	0	0	0	0	0	0	0	0	0	0	0	0	0	0	0	0	0	0	0	0	0	0	0	0	0	0	0	0	0	0	0	0	0	0	0	0	0	0	0	0	0	0	0	0	0	0	0	0	0	0	0	0	0	0	0	0	0	0	0	0	0	0	0	0	0	0	0	0	0	0	0	0	0	364	84	0	0	50	4690	1	148	0	283	421	928	0	0	0	0	0	0	0	0	0	0	0	0	0	0	0	0	0	0	0	0	0	0	0	0	0
Zotu9824	0	0	0	0	0	0	0	0	0	0	0	0	0	0	0	0	0	0	0	0	0	0	0	0	0	0	0	0	0	0	0	0	0	0	0	0	0	0	0	0	0	0	0	0	0	0	0	0	0	0	0	0	0	0	0	0	0	0	0	0	0	0	0	0	0	0	0	0	0	0	0	0	0	0	0	0	45	3	0	0	1	8	0	0	0	21	87	110	0	0	0	0	0	0	0	0	0	0	0	0	0	0	0	0	0	0	0	0	0	0	0	0	0
Zotu971	0	0	0	0	0	0	0	0	0	0	0	0	0	0	0	0	0	0	0	0	0	0	0	0	0	0	0	0	0	0	0	0	0	0	0	0	0	0	0	0	0	0	0	0	0	0	0	0	0	0	0	0	0	0	0	0	0	0	0	0	0	0	0	0	0	0	0	0	0	0	0	0	0	0	0	0	1	0	0	0	0	0	0	0	0	0	0	0	0	0	0	0	0	0	0	0	0	0	0	8373	0	0	0	0	961	0	0	0	52	0	0	0	0
Zotu10075	0	0	0	0	0	0	0	0	0	0	0	0	0	0	0	0	0	0	0	0	0	0	0	0	0	0	0	0	0	0	0	0	0	0	0	0	0	0	0	0	0	0	0	0	0	0	0	0	0	0	0	0	0	0	0	0	0	0	0	0	0	0	0	0	0	0	0	0	0	0	0	0	0	0	0	0	0	0	0	103	0	0	169	0	0	1	2	0	0	0	0	0	0	0	0	0	0	0	0	0	0	0	0	0	0	0	0	0	0	0	0	0	0
Zotu7597	0	0	0	0	0	0	0	0	0	0	0	0	0	0	0	0	0	0	0	0	0	0	0	0	0	0	0	0	0	0	0	0	0	0	0	0	0	0	0	0	0	0	0	0	0	0	0	0	0	0	0	0	0	0	0	0	0	0	0	0	0	0	0	0	0	0	0	0	0	0	0	0	0	0	0	0	0	0	0	0	0	0	0	0	5	594	4	0	0	0	0	0	0	0	0	0	0	0	0	0	0	0	0	0	0	0	0	0	0	0	0	0	0
Zotu6300	0	0	0	0	0	0	0	0	0	0	0	0	0	0	0	0	0	0	0	0	0	0	0	0	0	0	0	0	0	0	0	0	0	0	0	0	0	0	0	0	0	0	0	0	0	0	0	0	0	0	0	0	0	0	0	0	0	0	0	0	0	0	0	0	0	0	0	0	0	0	0	0	0	0	0	0	0	0	0	0	0	0	0	0	0	197	8	0	0	0	0	0	0	0	0	0	0	0	0	0	0	0	0	0	0	0	0	0	0	0	0	0	0
Zotu9672	0	0	0	0	0	0	0	0	0	0	0	0	0	0	0	0	0	0	0	0	0	0	0	0	0	0	0	0	0	0	0	0	0	0	0	0	0	0	0	0	0	0	0	0	0	0	0	0	0	0	0	0	0	0	0	0	0	0	0	0	0	0	0	0	0	0	0	0	0	0	0	0	0	0	0	0	0	0	0	0	0	0	0	0	0	0	1	0	0	0	0	0	0	0	0	0	0	0	0	0	0	0	0	0	257	0	0	0	0	0	0	0	0
Zotu9798	0	0	0	0	0	0	0	0	0	0	0	0	0	0	0	0	0	0	0	0	0	0	0	0	0	0	0	0	0	0	0	0	0	0	0	0	0	0	0	0	0	0	0	0	0	0	0	0	0	0	0	0	0	0	0	0	0	0	0	0	0	0	0	0	0	0	0	0	0	0	0	0	0	0	0	0	0	0	0	0	0	0	0	0	0	0	0	0	265	0	0	0	0	0	0	0	0	0	0	0	0	0	0	0	0	0	0	0	0	0	0	0	0
Zotu7636	0	0	0	0	0	0	0	0	0	0	0	0	0	0	0	0	0	0	0	0	0	0	0	0	0	0	0	0	0	0	0	0	0	0	0	0	0	0	0	0	0	0	0	0	0	0	0	0	0	0	0	0	0	0	0	0	0	0	0	0	0	0	0	0	0	0	0	0	0	0	0	0	0	0	0	0	0	0	0	0	0	0	0	0	0	0	0	0	10	5	3	0	0	7	9	3	4	18	18	0	1	8	7	2	11	0	0	1	1	3	7	2	0
Zotu8450	0	0	0	0	0	0	0	0	0	0	0	0	0	0	0	0	0	0	0	0	0	0	0	0	0	0	0	0	0	0	0	0	0	0	0	0	0	0	0	0	0	0	0	0	0	0	0	0	0	0	0	0	0	0	0	0	0	0	0	0	0	0	0	0	0	0	0	0	0	0	0	0	0	0	0	0	0	0	0	0	0	0	0	0	0	0	0	0	1	0	1	0	0	0	8	1	32	279	264	3	0	17	28	192	27	3	2	10	30	5	3	2	0
Zotu8129	0	0	0	0	0	0	0	0	0	0	0	0	0	0	0	0	0	0	0	0	0	0	0	0	0	0	0	0	0	0	0	0	0	0	0	0	0	0	0	0	0	0	0	0	0	0	0	0	0	0	0	0	0	0	0	0	0	0	0	0	0	0	0	0	0	0	0	0	0	0	0	0	0	0	0	0	0	0	0	0	0	0	0	0	0	0	0	0	1	0	96	0	0	0	0	0	0	0	0	133	0	0	0	0	0	0	0	0	0	0	0	0	0
Zotu913	0	0	0	0	0	0	0	0	0	0	0	0	0	0	0	0	0	0	0	0	0	0	0	0	0	0	0	0	0	0	0	0	0	0	0	0	0	0	0	0	0	0	0	0	0	0	0	0	0	0	0	0	0	0	0	0	0	0	0	0	0	0	0	0	0	0	0	0	0	0	0	0	0	0	0	0	0	0	0	0	0	0	0	0	0	0	0	0	0	311	0	0	78	0	0	0	0	0	0	0	0	0	0	0	0	0	0	0	0	0	0	0	0
Zotu90	0	0	0	0	0	0	0	0	0	0	0	0	0	0	0	0	0	0	0	0	0	0	0	0	0	0	0	0	0	0	0	0	0	0	0	0	0	0	0	0	0	0	0	0	0	0	0	0	0	0	0	0	0	0	0	0	0	0	0	0	0	0	0	0	0	0	0	0	0	0	0	0	0	0	0	0	0	0	0	0	0	0	0	0	0	0	0	0	0	0	0	0	0	1	0	0	0	1193	0	0	63	0	926	60	0	2132	0	0	0	0	1	0	0
Zotu4486	0	0	0	0	0	0	0	0	0	0	0	0	0	0	0	0	0	0	0	0	0	0	0	0	0	0	0	0	0	0	0	0	0	0	0	0	0	0	0	0	0	0	0	0	0	0	0	0	0	0	0	0	0	0	0	0	0	0	0	0	0	0	0	0	0	0	0	0	0	0	0	0	0	0	0	0	0	0	0	0	0	0	0	0	0	0	0	0	0	0	0	0	0	0	109	0	0	0	21	0	0	0	0	0	0	0	0	0	0	0	0	0	0
Zotu5384	0	0	0	0	0	0	0	0	0	0	0	0	0	0	0	0	0	0	0	0	0	0	0	0	0	0	0	0	0	0	0	0	0	0	0	0	0	0	0	0	0	0	0	0	0	0	0	0	0	0	0	0	0	0	0	0	0	0	0	0	0	0	0	0	0	0	0	0	0	0	0	0	0	0	0	0	0	0	0	0	0	0	0	0	0	0	0	0	0	0	0	0	0	0	0	0	0	0	165	0	0	0	0	0	0	0	0	0	0	0	0	0	0
Zotu9297	0	0	0	0	0	0	0	0	0	0	0	0	0	0	0	0	0	0	0	0	0	0	0	0	0	0	0	0	0	0	0	0	0	0	0	0	0	0	0	0	0	0	0	0	0	0	0	0	0	0	0	0	0	0	0	0	0	0	0	0	0	0	0	0	0	0	0	0	0	0	0	0	0	0	0	0	0	0	0	0	0	0	0	0	0	0	0	0	0	0	0	0	0	0	0	0	0	0	72	0	0	0	0	0	0	0	0	0	0	0	0	0	0
Zotu10620	0	0	0	0	0	0	0	0	0	0	0	0	0	0	0	0	0	0	0	0	0	0	0	0	0	0	0	0	0	0	0	0	0	0	0	0	0	0	0	0	0	0	0	0	0	0	0	0	0	0	0	0	0	0	0	0	0	0	0	0	0	0	0	0	0	0	0	0	0	0	0	0	0	0	0	0	0	0	0	0	0	0	0	0	0	0	0	0	0	0	0	0	0	0	0	0	0	0	0	0	0	42	0	0	0	0	0	0	0	0	0	0	0
Zotu11542	0	0	0	0	0	0	0	0	0	0	0	0	0	0	0	0	0	0	0	0	0	0	0	0	0	0	0	0	0	0	0	0	0	0	0	0	0	0	0	0	0	0	0	0	0	0	0	0	0	0	0	0	0	0	0	0	0	0	0	0	0	0	0	0	0	0	0	0	0	0	0	0	0	0	0	0	0	0	0	0	0	0	0	0	0	0	0	0	0	0	0	0	0	0	0	0	0	0	0	0	0	31	0	0	0	0	0	0	0	0	0	0	0
Zotu6810	0	0	0	0	0	0	0	0	0	0	0	0	0	0	0	0	0	0	0	0	0	0	0	0	0	0	0	0	0	0	0	0	0	0	0	0	0	0	0	0	0	0	0	0	0	0	0	0	0	0	0	0	0	0	0	0	0	0	0	0	0	0	0	0	0	0	0	0	0	0	0	0	0	0	0	0	0	0	0	0	0	0	0	0	0	0	0	0	0	0	0	0	0	0	0	0	0	0	0	0	0	0	81	0	0	0	0	0	0	0	0	0	0
Zotu9270	0	0	0	0	0	0	0	0	0	0	0	0	0	0	0	0	0	0	0	0	0	0	0	0	0	0	0	0	0	0	0	0	0	0	0	0	0	0	0	0	0	0	0	0	0	0	0	0	0	0	0	0	0	0	0	0	0	0	0	0	0	0	0	0	0	0	0	0	0	0	0	0	0	0	0	0	0	0	0	0	0	0	0	0	0	0	0	0	0	0	0	0	0	0	0	0	0	0	0	0	0	0	0	0	0	0	1644	0	136	0	0	0	0
Zotu9933	0	0	0	0	0	0	0	0	0	0	0	0	0	0	0	0	0	0	0	0	0	0	0	0	0	0	0	0	0	0	0	0	0	0	0	0	0	0	0	0	0	0	0	0	0	0	0	0	0	0	0	0	0	0	0	0	0	0	0	0	0	0	0	0	0	0	0	0	0	0	0	0	0	0	0	0	0	0	0	0	0	0	0	0	0	0	0	0	0	0	0	0	0	0	0	0	0	0	0	0	0	0	0	0	0	0	10	341	22	0	0	515	0
Zotu6098	0	0	0	0	0	0	0	0	0	0	0	0	0	0	0	0	0	0	0	0	0	0	0	0	0	0	0	0	0	0	0	0	0	0	0	0	0	0	0	0	0	0	0	0	0	0	0	0	0	0	0	0	0	0	0	0	0	0	0	0	0	0	0	0	0	0	0	0	0	0	0	0	0	0	0	0	0	0	0	0	0	0	0	0	0	0	0	0	0	0	0	0	0	0	0	0	0	0	0	0	0	0	0	0	0	0	0	17	105	0	0	0	0
Zotu9208	0	0	0	0	0	0	0	0	0	0	0	0	0	0	0	0	0	0	0	0	0	0	0	0	0	0	0	0	0	0	0	0	0	0	0	0	0	0	0	0	0	0	0	0	0	0	0	0	0	0	0	0	0	0	0	0	0	0	0	0	0	0	0	0	0	0	0	0	0	0	0	0	0	0	0	0	0	0	0	0	0	0	0	0	0	0	0	0	0	0	0	0	0	0	0	0	0	0	0	0	0	0	0	0	0	0	0	51	194	0	0	0	0
Zotu945	0	0	0	0	0	0	0	0	0	0	0	0	0	0	0	0	0	0	0	0	0	0	0	0	0	0	0	0	0	0	0	0	0	0	0	0	0	0	0	0	0	0	0	0	0	0	0	0	0	0	0	0	0	0	0	0	0	0	0	0	0	0	0	0	0	0	0	0	0	0	0	0	0	0	0	0	0	0	0	0	0	0	0	0	0	0	0	0	0	0	0	0	0	0	0	0	0	0	0	0	0	0	0	0	0	0	0	0	0	0	449	0	0
