#OTU ID	MMPRNT1465	MMPRNT1466	MMPRNT1467	MMPRNT1468	MMPRNT1469	MMPRNT1470	MMPRNT1471	MMPRNT1472	MMPRNT1473	MMPRNT1474	MMPRNT1475	MMPRNT1476	MMPRNT1477	MMPRNT1478	MMPRNT1479	MMPRNT1480	MMPRNT1481	MMPRNT1482	MMPRNT1483	MMPRNT1484	MMPRNT1485	MMPRNT1486	MMPRNT1487	MMPRNT1488	MMPRNT1537	MMPRNT1538	MMPRNT1539	MMPRNT1540	MMPRNT1541	MMPRNT1542	MMPRNT1543	MMPRNT1544	MMPRNT1545	MMPRNT1546	MMPRNT1547	MMPRNT1548	MMPRNT1549	MMPRNT1550	MMPRNT1551	MMPRNT1552	MMPRNT1553	MMPRNT1554	MMPRNT1555	MMPRNT1556	MMPRNT1557	MMPRNT1558	MMPRNT1559	MMPRNT1616	MMPRNT1617	MMPRNT1618	MMPRNT1619	MMPRNT1620	MMPRNT1621	MMPRNT1622	MMPRNT1623	MMPRNT1624	MMPRNT1625	MMPRNT1626	MMPRNT1627	MMPRNT1628	MMPRNT1629	MMPRNT1630	MMPRNT1631	MMPRNT1632	MMPRNT1681	MMPRNT1682	MMPRNT1683	MMPRNT1684	MMPRNT1685	MMPRNT1686	MMPRNT1687	MMPRNT1688	MMPRNT1689	MMPRNT1690	MMPRNT1691	MMPRNT1692	MMPRNT1693	MMPRNT1694	MMPRNT1695	MMPRNT1696	MMPRNT1697	MMPRNT1698	MMPRNT1699	MMPRNT1700	MMPRNT1701	MMPRNT1702	MMPRNT1703	MMPRNT1704	MMPRNT1753	MMPRNT1754	MMPRNT1755	MMPRNT1756	MMPRNT1757	MMPRNT1758	MMPRNT1759	MMPRNT1760	MMPRNT1761	MMPRNT1762	MMPRNT1763	MMPRNT1764	MMPRNT1765	MMPRNT1766	MMPRNT1767	MMPRNT1768	MMPRNT1769	MMPRNT1770	MMPRNT1771	MMPRNT1772	MMPRNT1773	MMPRNT1774	MMPRNT1775	MMPRNT1776	MMPRNTCtrl7BB5
Zotu8020	466	543	166	600	1822	790	769	711	1012	1075	593	463	47	22	0	0	131	0	79	1683	1129	1452	220	123	0	0	0	0	0	0	0	0	0	0	0	0	0	0	0	0	0	0	0	0	0	0	0	0	0	0	0	0	0	55	1676	432	116	259	0	57	0	0	0	102	0	0	0	0	0	0	0	0	0	0	1	0	0	0	0	0	0	0	0	0	0	0	0	0	0	0	0	0	0	0	0	0	0	0	0	0	0	0	0	0	0	0	0	0	0	0	0	0	38
Zotu7339	571	0	2394	3	0	0	148	1	0	0	0	721	250	260	360	27	0	875	0	0	204	0	0	0	0	0	0	0	0	0	0	0	0	0	0	0	0	0	0	0	0	0	0	0	0	0	0	33	0	0	49	0	0	0	0	0	0	0	0	0	0	0	0	0	0	0	0	0	0	0	0	3	0	0	0	0	0	0	0	0	0	0	0	0	0	0	0	0	0	0	176	35	36	0	1707	0	0	0	3	320	0	0	0	0	0	0	272	337	4851	1	0	0	0
Zotu7611	590	191	611	126	21	6	0	8	135	0	0	0	493	665	0	249	123	141	0	1868	0	0	0	0	0	0	0	0	0	0	0	0	0	0	0	0	0	1	0	0	0	1	0	0	0	0	0	0	0	0	0	0	0	0	0	0	0	0	0	0	0	0	0	0	0	0	0	91	7	0	0	0	0	0	0	0	0	0	0	0	0	0	0	0	0	0	0	0	0	0	0	0	0	0	0	0	0	0	0	111	0	0	0	0	0	0	0	0	0	0	0	0	0
Zotu887	950	964	591	226	2089	208	458	129	703	1090	0	693	812	0	1	0	101	0	364	0	0	0	0	133	0	0	0	0	0	1	0	0	0	0	0	0	0	0	0	0	0	0	0	0	0	0	0	0	0	0	0	0	0	0	1726	13	0	268	0	0	0	0	0	0	0	0	0	0	0	0	0	0	0	0	0	0	0	0	0	0	0	0	0	0	0	0	0	0	305	961	118	52	391	262	0	148	2094	1032	3	0	34	370	364	524	1	31	697	898	247	188	599	539	0
Zotu9300	588	0	0	332	11	0	24	51	0	0	0	0	0	0	550	34	0	0	0	2722	88	147	120	0	0	0	0	0	0	0	0	0	0	0	0	0	0	0	0	0	0	0	0	0	0	0	0	0	0	0	0	0	0	0	0	0	0	0	0	0	0	0	0	0	0	0	0	0	0	0	0	0	0	0	0	0	0	0	0	0	0	0	0	0	0	0	0	0	0	0	0	0	0	0	0	0	0	0	0	0	0	0	0	0	0	0	0	0	0	0	0	0	0
Zotu11890	1710	464	1088	280	370	230	873	76	479	209	265	1	1345	85	1238	467	196	190	0	737	0	0	0	119	1	0	1	0	0	0	0	0	0	0	0	0	0	0	0	5	0	1	0	4	0	1	3	0	0	0	0	0	0	0	14	0	0	1	1	2	2	2	0	1	0	0	0	0	0	0	0	0	0	0	0	0	0	0	0	0	0	0	0	0	0	0	0	0	0	0	0	0	0	0	0	0	2	2	1	0	0	2	0	3	6	1	2	1	0	2	0	0	8
Zotu926	982	159	1971	277	1	1015	0	0	0	0	161	4	0	0	2	1	1	0	0	0	0	1	0	0	1318	49	1692	5404	1193	1614	50	2908	7517	1209	851	1100	897	205	1534	3024	4157	2899	6506	2466	27	88	430	3762	1232	747	4838	13	1361	1	9	3473	22	6	0	1	1	1	1	0	1263	4458	548	3274	4141	3526	0	0	0	0	0	0	0	0	0	0	0	0	0	0	0	0	0	1	154	2278	3559	265	1949	1910	637	1995	2885	914	187	208	2093	1106	4481	1697	573	92	2378	2005	293	277	3392	3241	0
Zotu8518	184	2995	598	157	0	0	0	0	0	0	0	0	0	0	0	0	0	0	0	0	0	0	0	0	0	0	0	0	0	0	0	0	0	0	0	0	0	0	38	0	0	0	0	0	23	0	1723	0	0	0	0	0	0	0	0	1	0	0	1	0	0	0	0	0	3	1	2	2	0	0	0	0	0	0	0	0	0	0	0	1	20	0	0	0	0	0	0	0	0	0	654	577	0	468	0	0	1522	0	59	2	36	0	0	0	0	0	753	464	172	0	704	2172	0
Zotu7095	146	0	0	53	0	0	0	0	0	0	0	0	0	0	0	0	0	0	0	0	0	0	0	0	5	0	0	0	0	0	0	0	0	0	0	0	0	0	0	0	0	0	0	0	0	0	0	0	0	0	0	0	0	0	1	0	0	0	0	0	0	0	0	0	0	0	0	0	0	0	0	0	0	12	0	0	0	0	0	0	0	0	0	0	0	0	0	0	0	0	0	0	0	0	0	0	0	0	0	0	0	0	0	0	0	0	0	0	0	0	0	0	0
Zotu7124	49	215	84	30	1	2	2	3	2	1	2	2	335	18	7	10	4	7	0	7	8	13	6	3	1	0	0	0	67	15	0	5	2	0	0	96	0	3	1	5	0	1	0	0	101	0	1	12	23	10	0	333	54	1	1	3	3	0	2	84	1	1	2	12	2	0	1	1	0	3	1	6	1	10	5	10	11	13	7	14	99	5	3	8	5	3	3	4	0	0	0	0	0	0	0	0	0	0	1	0	0	0	390	0	0	0	9	633	1	0	0	1	0
Zotu11775	187	202	111	60	120	23	96	25	3	4	333	306	1	0	0	1	130	20	2	1	62	5	0	15	6	83	1	0	0	0	6	0	0	0	82	4	0	0	0	6	0	4	0	1	1	1	5	5	4	23	25	0	4	8	8	24	0	0	32	22	5	20	6	232	62	59	37	14	2	27	4	52	3	0	0	0	13	8	7	23	4	1	2	16	63	2	0	15	0	4	75	0	0	0	0	0	0	0	0	0	25	0	120	0	1	0	0	2	0	0	0	0	21
Zotu9990	60	1055	223	182	107	26	150	437	547	734	254	2761	2	622	2173	672	0	937	0	51	674	401	137	838	2025	0	0	0	5782	0	0	0	8480	3586	0	61	0	13	114	125	90	0	0	0	3	27	1	959	3702	5535	126	2256	590	69	620	310	0	209	4131	3338	0	0	0	0	14	8	2	6	2	1	21	27	0	38	21	25	282	45	101	21	50	364	5	1	26	102	15	35	0	0	5	81	0	0	0	0	59	0	0	209	0	0	0	0	0	0	41	0	44	0	0	1	112
Zotu95	45	4	0	213	6	111	1	37	260	0	0	175	297	172	0	0	691	1	93	0	339	2821	0	991	0	0	0	0	0	0	0	0	0	0	0	0	0	0	0	0	0	0	0	0	0	0	0	0	0	0	0	0	0	0	0	0	0	0	0	0	0	0	0	0	0	0	0	0	0	0	0	0	0	0	0	0	0	0	0	0	0	0	0	0	0	0	0	0	0	0	0	0	0	0	0	0	0	0	0	0	0	0	0	0	0	0	0	0	0	0	0	0	0
Zotu8608	193	165	221	190	67	0	0	30	0	1046	0	1121	0	0	0	0	130	0	0	0	0	0	0	0	0	0	0	0	0	0	0	0	0	1	0	0	0	0	0	0	0	0	0	0	0	0	0	16	0	0	6	0	225	0	8	8	24	5	0	0	0	0	0	0	0	0	0	0	0	0	0	0	0	0	0	0	0	0	0	329	157	530	2	113	30	77	0	0	0	0	0	0	0	0	0	0	0	0	0	0	0	0	0	0	0	0	0	0	0	0	0	0	0
Zotu8049	73	217	1311	29	228	1	0	0	0	0	0	0	0	0	1	0	0	0	0	0	0	0	0	0	0	0	0	0	0	0	0	0	0	0	0	0	0	0	0	0	0	0	0	0	0	0	0	0	0	0	0	0	0	124	3	44	3869	545	465	0	0	0	0	0	0	0	1	0	0	0	0	0	0	0	0	0	0	0	0	0	0	0	0	0	0	0	0	0	0	0	0	0	0	0	0	0	0	0	0	0	0	0	0	0	0	0	0	0	0	0	0	0	1068
Zotu9657	98	0	1519	1	0	60	0	0	0	0	0	0	215	0	1	0	0	3	0	0	0	0	0	0	0	0	0	0	0	0	1	0	0	0	1	0	0	0	0	1	0	3	0	0	0	0	0	0	0	0	0	0	0	0	0	0	0	0	0	0	0	1	0	0	0	0	0	0	0	0	0	0	0	0	0	0	0	0	0	293	0	0	0	0	0	0	1	0	0	0	0	0	0	0	0	0	0	0	0	0	0	0	0	0	0	0	0	48	38	0	0	0	17
Zotu6549	110	1	1	18	1058	847	32	17	106	4268	1644	1356	1907	0	753	4	311	293	5958	1976	421	2427	102	64	1150	0	477	771	385	1816	6	558	92	96	116	125	396	20	333	176	69	105	131	94	6	44	116	78	226	315	594	400	61	521	43	39	1	443	4484	473	6	2	165	522	1000	314	224	519	598	886	2	6	4	2	4	9	6	3	3	42	3	1	2	3	2	2	5	5	2365	2919	1051	178	456	662	785	1088	1737	531	1742	585	114	590	0	597	2514	536	897	499	260	1123	1659	1997	144
Zotu9576	14	11	218	75	455	546	616	632	1619	1509	1354	2021	320	113	2146	2028	160	1789	3975	665	1278	2210	363	645	0	0	0	0	0	0	0	0	0	0	0	0	0	0	0	0	0	0	0	0	0	0	0	0	0	0	0	0	0	0	1	2	0	0	0	0	0	0	0	0	0	0	0	0	0	0	1363	633	4009	891	2579	2733	490	175	249	15	433	189	48	291	0	34	106	215	0	0	0	0	0	0	0	0	0	0	0	0	0	0	0	0	0	0	0	0	0	0	0	0	0
Zotu7693	82	470	826	61	433	9	22	48	119	527	0	330	848	0	0	0	0	0	68	0	0	0	0	34	0	0	0	0	0	0	0	0	0	0	0	0	0	0	0	0	0	1	0	0	0	0	0	0	0	0	0	0	0	0	854	0	0	114	0	0	0	0	0	0	0	0	0	0	0	0	0	0	0	0	0	0	0	0	0	0	0	0	0	0	0	0	0	0	0	0	0	0	0	0	0	0	237	0	0	0	0	1	0	0	0	0	0	0	78	0	391	60	0
Zotu8906	170	0	372	202	13107	1266	0	0	0	0	0	0	0	0	0	0	0	0	0	0	0	0	0	0	10	0	0	0	0	0	0	0	0	0	0	0	0	0	0	1	0	0	0	0	0	0	0	0	0	0	0	0	0	10	0	84	23	24	0	0	0	0	0	0	0	0	0	0	0	0	0	0	0	0	0	0	0	0	0	0	0	0	0	0	0	0	0	0	0	0	0	0	0	0	0	0	0	0	0	0	0	0	0	0	0	0	0	0	0	0	0	0	153
Zotu9662	102	0	0	0	52	0	0	0	0	0	0	0	0	0	0	0	0	0	0	0	0	0	0	0	0	0	0	0	0	0	0	0	0	0	0	0	0	0	26	19	0	10	0	0	0	53	0	0	0	0	0	0	0	0	0	0	0	0	0	0	0	0	0	0	0	0	0	0	0	0	0	0	0	0	0	0	0	0	0	0	0	0	0	0	0	0	0	0	0	0	0	0	0	0	0	0	0	0	0	0	0	0	0	0	0	0	0	0	0	0	0	0	0
Zotu9266	9	0	292	14	13	1	0	0	0	0	0	0	10	0	1	0	2	0	0	0	0	0	0	1	2	0	0	0	7	1	1	3	3	0	0	8	0	1	0	0	0	0	0	0	0	0	0	0	0	0	0	0	0	0	0	0	0	0	0	0	0	0	0	0	1	0	0	2	4	1	1	1	0	0	1	0	0	0	0	0	3	1	1	0	1	0	0	0	0	0	0	0	0	0	0	0	0	0	0	0	0	0	0	0	0	0	0	0	0	0	0	0	0
Zotu9818	46	0	0	0	0	0	0	0	0	0	0	0	0	0	0	0	0	0	0	0	0	0	0	0	0	0	0	0	0	0	0	0	0	0	0	44	0	0	0	0	0	0	10	0	4	0	0	0	0	0	20	0	0	0	0	0	0	26	0	0	0	0	0	0	0	0	0	0	0	0	4	6	9	0	0	0	0	0	11	0	5	0	0	0	0	0	0	0	0	0	0	0	0	0	0	0	0	0	0	0	0	0	0	0	0	0	0	0	0	0	0	0	0
Zotu9911	30	330	236	0	0	17	17	1	26	98	0	0	0	0	0	40	0	0	0	0	0	0	0	0	39	368	736	170	45	162	366	117	853	342	376	71	412	110	1157	418	268	208	0	1	29	0	68	417	99	199	262	340	139	199	390	754	426	496	678	269	341	763	261	954	4	13	9	16	22	23	0	2	0	0	0	0	0	0	1	77	29	31	24	16	0	3	3	1	0	244	157	42	401	291	366	236	103	460	289	101	3	106	279	92	0	1	212	0	122	450	922	156	759
Zotu7494	69	367	191	23	158	0	0	0	0	0	0	0	0	29	0	0	0	0	0	0	28	5	23	13	0	0	0	0	0	0	0	0	0	0	0	0	0	0	0	33	17	0	0	0	0	0	0	0	0	0	7	0	0	0	0	0	0	3	0	0	0	0	0	0	0	0	0	0	0	0	42	1	5	10	6	0	0	0	0	0	0	4	0	20	0	0	0	0	0	0	0	0	0	0	0	0	0	0	0	0	0	0	0	0	0	0	0	0	0	0	0	0	0
Zotu9058	10	0	0	0	93	0	0	0	0	0	2034	93	102	0	0	0	384	0	197	1177	652	249	28	0	0	0	0	0	0	0	0	0	0	0	0	0	0	0	0	0	0	0	0	0	0	0	0	0	0	0	0	0	0	0	0	0	0	0	0	0	0	0	0	0	0	0	0	0	0	0	0	0	0	0	0	0	0	0	0	0	0	0	0	0	0	0	0	0	0	0	0	0	0	0	0	0	0	0	0	0	0	0	0	0	0	0	0	0	0	0	0	0	0
Zotu699	26	277	0	351	1	45	0	0	0	26	1161	3037	1024	1	0	0	0	16	1454	2	29	199	0	3	1	0	1	0	0	0	2	350	0	34	1	12	10	10	22	162	4	238	0	0	0	0	0	0	16	0	0	0	0	0	0	1	2	12	42	26	0	3	0	2	25	65	4	81	59	17	2	2	4	59	16	0	24	1	165	434	216	289	0	0	0	24	272	10	551	26	60	0	0	2	81	0	30	112	0	679	0	1	0	30	0	85	0	11	2	3311	905	0	0
Zotu6781	38	0	0	0	0	0	0	0	0	85	0	0	0	0	0	0	0	0	0	0	7	0	0	0	0	0	0	0	0	0	0	0	0	0	0	0	0	0	0	0	0	0	0	0	0	0	0	0	0	0	0	0	0	0	0	0	0	0	0	0	0	0	0	0	0	0	0	0	0	0	0	0	0	0	0	0	0	0	0	0	0	0	0	0	0	0	0	0	0	0	0	0	0	0	0	0	0	0	0	0	0	0	0	0	0	0	0	0	0	0	0	0	0
Zotu9282	2	0	0	0	3	6	3	0	0	8	0	2	3	0	4	1	2	2	26	2	4	18	5	0	9	0	11	129	3	20	0	2	0	0	54	0	7	1	9	4	0	2	38	0	0	1	0	0	2	1	78	6	1	3	12	0	0	67	68	144	0	0	1	6	29	5	1	41	31	14	0	0	0	0	0	0	0	0	0	1	1	0	0	0	0	0	0	0	322	244	54	0	118	490	1	175	104	2	120	3	2	2	88	132	688	156	0	2	1	3	3	4	5
Zotu9886	2	3	0	4	349	0	102	0	70	0	0	0	258	0	0	3	0	2	0	0	1	0	2	5	0	7	0	0	1	3	11	1	0	3	0	6	0	0	0	1	0	0	0	0	0	0	0	613	0	279	632	134	416	0	0	343	671	804	0	0	0	70	0	0	17	10	8	0	1	5	5	5	11	5	7	16	10	8	9	3	7	2	3	4	2	2	8	4	0	0	0	0	0	0	0	1	0	0	0	0	0	0	0	0	0	0	0	0	0	0	0	0	0
Zotu7628	2	9	0	0	0	0	0	0	0	0	0	0	0	0	0	0	0	0	0	1	0	0	0	0	0	0	0	0	0	0	0	0	0	0	0	719	0	0	0	0	0	0	208	0	0	0	92	0	0	0	0	0	0	0	0	0	0	0	0	0	0	0	0	0	0	0	0	0	0	0	0	0	0	0	0	0	0	0	0	0	0	0	0	0	0	0	0	0	637	0	100	0	180	276	678	416	1423	0	0	0	916	0	1086	0	129	0	0	0	0	0	671	0	0
Zotu8647	1	0	0	0	1	0	1	0	0	0	0	1	0	0	0	0	0	0	0	0	0	0	0	0	0	0	0	68	3	5	0	0	0	0	0	0	0	0	0	0	0	0	49	1	1	0	0	0	0	0	0	0	0	0	0	1	0	0	0	0	0	7	0	0	15	2	0	20	1	0	0	12	0	0	0	0	0	0	1	0	0	0	132	0	1	0	0	0	0	0	1	0	0	0	0	0	0	0	0	0	0	0	0	0	0	0	0	0	0	2	0	0	0
Zotu8256	5	4	1	2	3	3	4	1	1	3	2	5	3	3	1	3	1	5	2	14	2	11	3	8	0	0	0	0	0	0	0	0	0	0	0	0	0	0	0	0	0	7	0	0	118	0	0	1	3	1	3	76	1	0	0	1	2	0	1	2	1	4	0	0	1	3	0	1	0	1	0	0	0	0	0	0	0	0	2	8	1	4	3	10	6	1	7	10	0	0	0	4	0	999	0	0	87	70	0	0	0	0	0	466	0	0	6	0	39	0	0	0	0
Zotu9019	8	0	5	2	0	0	0	0	0	0	0	0	1	0	0	2	0	0	0	0	0	0	0	0	1	24	3	2	1	25	16	4	0	2	10	0	17	1	4	56	11	111	15	9	31	87	0	0	1	0	20	1	0	0	0	0	0	0	0	8	18	27	10	8	0	0	0	0	0	0	0	0	0	0	0	0	0	0	0	2	0	0	1	0	1	0	0	0	422	91	700	0	14	0	325	0	448	8	2203	676	2	52	2	951	1	132	0	1	5	0	0	2	0
Zotu5979	1	3	0	0	3	1	1	0	0	1	1	3	2	0	1	0	0	0	2	0	0	2	0	0	2	1	2	128	10	5	0	0	0	0	0	0	0	0	0	0	0	0	76	4	4	0	0	0	1	0	2	0	0	0	0	0	0	0	3	0	0	16	0	8	3	3	0	183	189	0	0	92	1	0	0	0	0	0	1	0	1	0	527	0	2	0	0	0	1	0	261	0	0	0	1	0	0	0	0	0	0	143	0	0	0	0	0	0	0	459	0	0	1
Zotu7351	1	6	5	0	0	2	2	18	5	366	0	0	0	0	3	84	0	2	0	0	0	0	0	0	1	1	14	2	0	0	1	0	4	21	137	0	3	0	11	3	0	0	2	0	0	1	0	101	17	32	67	48	5	3	0	8	3	1	3	1	4	8	2	5	4	4	0	11	15	0	0	1	0	0	0	0	0	0	0	9	2	16	11	16	1	3	12	4	0	0	13	0	0	0	0	1	0	0	0	0	1	0	11	8	0	2	0	6	18	0	0	1	5
Zotu8265	0	1	0	0	0	3	1	0	3	2	3	3	8	0	1	1	0	5	0	0	0	0	0	0	2	0	1	1	0	2	9	6	2	0	1	6	4	0	3	4	5	2	0	29	4	0	0	1	0	0	0	0	0	0	0	0	0	0	1	0	0	0	0	2	20	7	5	2	12	3	2	0	0	1	1	1	1	0	0	2	0	2	0	0	2	0	1	1	11	12	13	1	4	9	9	1	6	11	10	2	2	21	9	9	21	4	2	0	0	11	16	5	0
Zotu5533	0	583	405	208	87	1	0	8	20	0	268	0	242	1	1	221	0	1698	18	1	1	62	0	2	0	5	1	0	2	2	4	1	0	2	43	2	810	1069	1801	1	13	1	1	0	24	0	0	0	1	0	0	0	0	853	0	1891	1883	1760	0	1	0	0	0	0	109	172	179	445	1213	160	2	7	2	1	0	3	25	5	7	7	1	0	751	45	101	1	9	196	0	0	1	0	0	0	0	79	0	367	444	2	1	22	196	316	22	0	65	242	0	0	0	319	824
Zotu7003	0	92	116	0	0	0	0	0	0	0	0	0	0	0	0	0	0	0	0	0	0	23	0	0	0	0	0	0	0	0	0	125	1	0	0	5	0	0	4	32	0	118	0	0	0	7	0	0	0	0	0	0	0	0	0	0	0	0	19	6	0	0	0	0	0	9	0	0	0	4	0	0	0	0	0	0	0	0	0	21	1	0	0	0	0	0	0	0	0	0	0	0	0	0	5	0	0	7	0	81	0	24	0	0	0	1	0	0	0	7	0	0	0
Zotu63	0	56	139	0	41	550	0	0	7	0	0	0	209	0	0	0	0	0	251	0	193	209	64	17	0	0	0	0	0	0	0	0	0	0	0	0	0	0	0	0	4	0	0	506	0	0	50	0	0	0	0	0	0	0	0	0	0	0	0	0	0	0	0	0	9	25	15	81	22	55	8	28	23	2	68	21	151	7	8	29	0	55	6	3	69	0	40	18	0	0	0	0	138	0	0	72	0	0	0	0	101	0	0	3791	49	52	0	1	117	0	0	400	0
Zotu9979	0	14	46	0	34	0	0	2	0	0	0	0	0	28	0	40	100	0	0	0	111	36	0	102	0	0	0	0	0	0	0	0	0	0	0	0	0	0	0	0	0	0	0	0	0	0	0	0	0	0	0	0	0	0	0	0	0	0	0	0	0	0	0	0	0	0	0	0	0	0	0	0	0	0	0	0	0	0	0	0	0	0	0	0	0	0	0	0	0	0	0	0	0	0	0	0	0	0	0	0	0	0	0	0	0	0	0	0	0	0	0	0	0
Zotu8271	0	9	3	0	1	0	0	0	8	2	17	5	4	0	2	3	0	1	0	0	0	0	8	0	0	0	0	0	0	0	0	3	0	1	0	1	0	0	0	0	1	0	0	2	0	0	0	0	0	0	0	0	0	0	0	0	0	0	0	0	0	0	0	0	1	1	0	0	3	1	0	5	3	0	1	0	0	0	1	0	0	0	0	0	0	0	0	0	0	2	1	0	41	0	51	18	107	2	1	1	0	0	39	0	0	1	1	0	0	0	0	3	0
Zotu7980	0	5	4	9	6	4	2	0	9	0	1	0	1	5	5	6	2	6	0	484	5	2	4	22	0	547	0	0	453	9	513	307	0	6	0	1775	0	0	11	8	0	1	1	0	23	0	0	2	5	2	5	2	5	0	1	108	6	414	0	0	0	2	1	1	1087	1636	1612	24	57	1123	429	49	1672	932	2636	397	79	279	1001	625	158	138	5	11	13	19	32	31	0	0	0	0	0	0	0	2	8	6	0	2	2	0	0	0	0	0	2	0	0	0	0	0	0
Zotu9642	0	0	224	15	22	0	0	0	0	0	0	0	0	0	0	0	66	0	0	0	217	1	6	27	0	0	0	0	0	0	0	0	0	0	0	0	0	0	0	0	0	0	0	0	0	0	0	0	0	0	0	0	0	0	0	0	0	0	0	0	0	0	0	0	0	0	0	0	0	0	0	0	0	0	0	0	0	0	0	0	0	0	0	0	0	0	0	0	0	0	0	0	0	0	0	0	0	0	0	0	0	0	0	0	0	0	0	0	0	0	0	0	0
Zotu8846	0	0	906	39	0	0	0	0	0	0	0	0	0	0	2	0	0	0	0	0	0	0	0	0	0	0	0	0	0	0	0	0	0	0	0	0	0	0	0	0	0	0	0	0	0	0	0	0	0	0	0	0	0	0	0	0	0	0	0	0	0	0	0	0	0	0	0	0	0	0	0	0	0	0	0	0	0	0	0	0	0	0	0	0	0	0	0	0	0	0	0	0	0	0	0	0	0	0	0	0	0	0	0	0	0	0	0	0	0	0	0	0	0
Zotu9597	0	0	64	112	67	711	396	247	788	0	0	0	1	525	0	406	0	72	0	25	0	0	0	0	2089	2630	182	2358	1032	3539	2296	661	481	1855	33	1484	14	23	15	639	65	423	279	0	0	42	1	202	431	84	70	67	225	0	0	234	0	101	275	956	0	0	0	0	934	106	507	786	1198	967	299	751	691	747	659	146	169	88	74	2854	1563	831	1494	3855	760	815	1258	749	0	0	0	0	0	0	0	612	0	188	0	0	0	162	0	1	0	0	0	0	0	0	0	0	0
Zotu939	0	0	66	4	8	421	10	51	59	0	0	0	0	12	0	83	0	1	0	0	0	0	0	0	360	241	65	388	234	583	480	89	121	79	1	194	0	6	10	131	10	69	64	0	0	12	67	67	146	119	4	20	72	0	0	83	0	36	101	200	0	0	0	0	175	28	82	149	203	207	62	165	160	160	193	65	55	34	16	503	259	90	312	517	141	154	228	143	0	0	0	0	0	0	0	4	0	3	0	0	0	4	0	0	0	0	0	0	0	0	0	0	0
Zotu9653	0	0	16	17	0	0	0	1	0	0	0	7	0	4	7	0	8	36	0	0	0	0	465	0	0	0	0	0	0	0	0	0	0	1	0	0	0	0	0	0	87	0	0	0	1145	32	19	0	0	1	0	0	804	2	20	68	33	38	2	1	0	0	0	0	8	100	1	24	224	147	120	19	59	117	104	119	51	394	329	232	231	23	492	153	678	58	378	86	0	0	0	0	0	31	0	0	0	0	0	0	1	0	0	0	0	0	0	25	41	0	0	10	4
Zotu6392	0	0	1	400	0	0	0	0	0	0	0	0	0	0	0	0	0	0	0	0	0	0	0	0	0	0	34	0	0	0	0	61	0	1713	1743	54	858	0	433	396	0	0	1385	12	0	0	267	1	3	4	34	16	0	0	0	0	0	0	1	1	140	12	0	0	0	0	0	0	0	0	0	0	0	0	0	0	0	0	0	0	0	0	0	0	0	0	0	0	0	0	431	0	6	0	11	694	0	4336	0	1	627	109	150	23	6	13	0	166	100	0	3	0	0
Zotu983	0	0	0	155	0	0	0	0	0	0	0	0	0	0	0	0	0	0	0	0	0	0	0	0	0	0	1	0	0	0	0	43	18	388	546	8	215	0	119	126	0	0	107	0	0	0	3	0	0	0	3	0	0	0	0	0	0	0	0	0	19	0	0	0	0	0	0	0	0	0	0	0	0	0	0	0	0	0	0	0	0	0	0	0	0	0	0	0	0	0	0	12	0	0	1	252	0	56	0	0	98	0	0	0	229	0	0	56	0	0	0	0	0
Zotu7109	0	0	0	9	9	312	10000	1881	5384	0	33	0	0	0	0	0	515	3086	0	1750	4215	0	0	40	0	0	0	0	0	0	0	0	0	0	0	0	0	0	0	0	0	0	0	0	0	0	0	0	0	0	0	0	0	0	1460	2230	3192	0	0	0	0	0	0	0	0	0	0	1	3	0	0	0	0	0	0	0	0	0	0	0	0	1	0	0	0	0	1	0	0	0	0	0	0	0	0	0	0	0	0	0	0	0	0	0	0	0	0	0	0	0	0	0	0
Zotu5880	0	0	0	0	52	0	0	0	0	0	0	0	0	0	0	0	0	0	0	0	0	0	0	0	0	0	0	0	0	0	0	0	0	0	0	0	0	0	0	0	0	0	0	0	0	0	0	0	0	0	0	0	0	0	0	0	0	0	0	0	0	0	0	0	0	0	0	0	8	0	0	0	0	0	0	0	0	0	0	0	0	0	0	0	0	0	0	0	0	0	0	0	0	0	0	0	0	0	0	0	0	0	0	0	0	0	0	0	0	0	300	0	0
Zotu9920	0	0	0	0	3	4	0	0	0	9	31	9	26	0	0	0	4	0	89	21	6	12	17	0	0	0	0	0	3	0	0	0	0	0	22	18	0	6	0	6	16	11	1	0	0	2	0	0	0	0	0	0	0	0	0	0	0	0	0	0	0	0	0	0	0	0	0	0	0	0	0	0	0	0	0	0	0	0	0	0	0	0	0	0	0	0	0	0	0	0	0	0	1	0	0	0	0	0	0	0	0	0	0	0	0	0	0	0	0	0	0	0	0
Zotu621	0	0	0	0	1	0	0	44	0	0	1185	0	0	507	63	1	0	0	0	21	0	0	88	0	0	0	0	0	0	0	0	0	0	0	0	0	0	0	0	0	0	0	0	0	0	0	0	0	0	0	0	0	0	0	0	0	0	0	0	0	0	0	0	0	0	0	0	0	0	0	0	0	0	0	0	0	0	0	0	0	0	0	0	0	0	18	0	0	0	0	734	520	0	671	0	0	0	0	0	0	503	628	0	525	0	246	0	0	0	0	0	0	0
Zotu10721	0	0	0	0	0	736	0	0	0	0	2866	239	0	0	0	0	0	0	0	291	216	0	0	0	0	0	0	0	0	0	0	1	0	0	132	0	0	0	0	1	0	2	0	0	0	0	0	0	0	0	0	0	0	0	0	0	0	0	1	1	0	0	0	0	0	0	0	0	0	0	0	0	0	0	0	0	31	3475	0	0	0	0	0	0	0	0	0	0	2776	439	1119	228	3740	2724	428	326	1	2025	0	288	2	0	0	0	845	239	2796	2114	223	653	2336	5353	0
Zotu9322	0	0	0	0	0	510	0	0	0	0	0	0	0	0	0	0	0	0	0	0	0	0	0	0	0	0	1	0	0	0	0	0	0	0	0	0	0	0	0	0	0	0	0	0	0	0	0	0	0	0	0	0	0	0	0	0	0	0	0	0	0	0	0	0	0	0	0	187	607	0	0	0	0	0	0	0	0	0	0	0	0	0	0	0	0	0	0	0	0	0	0	0	0	0	0	0	0	0	0	0	0	0	0	0	0	0	0	0	0	0	0	0	0
Zotu873	0	0	0	0	0	5	0	2	0	0	14	3	1	1	0	0	0	0	0	0	1	0	0	0	0	0	0	0	0	0	0	0	0	0	0	0	0	0	0	0	0	0	0	0	0	0	0	0	0	0	0	0	0	0	0	0	0	0	0	0	0	0	0	0	0	0	0	0	0	0	0	0	0	0	0	0	7	139	0	0	0	0	0	0	0	0	0	0	4	0	6	1	199	30	1	0	0	71	0	3	0	0	0	0	1	4	67	121	70	705	700	23	0
Zotu10049	0	0	0	0	0	0	197	0	0	0	0	0	0	0	0	0	0	0	0	0	0	0	0	0	0	0	0	0	0	0	0	0	0	0	0	0	0	0	0	0	0	0	0	0	0	0	0	0	0	0	1	0	0	0	0	0	0	0	0	0	0	0	0	0	0	0	0	0	0	0	0	0	0	0	0	0	0	0	0	0	0	0	0	0	0	0	0	0	0	0	0	0	0	0	0	0	0	0	0	0	0	0	0	0	0	0	0	0	0	0	0	0	0
Zotu9987	0	0	0	0	0	0	87	1	266	0	0	0	0	0	0	34	0	0	0	0	0	0	0	0	0	0	0	0	0	0	0	0	1	0	0	0	0	0	0	0	0	0	0	0	0	0	0	0	0	0	0	0	0	0	0	0	0	0	0	0	0	0	0	0	0	0	0	0	0	0	0	0	0	0	0	0	0	0	0	0	0	0	0	0	0	0	0	0	0	0	0	0	0	0	0	0	0	0	0	0	0	0	0	0	0	0	0	0	0	0	0	0	0
Zotu9607	0	0	0	0	0	0	0	179	0	0	0	0	0	0	0	5272	0	0	0	0	0	0	0	0	0	0	0	0	0	0	0	0	0	0	0	0	0	0	0	0	0	0	0	0	0	0	0	0	0	0	0	0	0	0	0	0	0	0	0	0	0	0	0	0	0	0	0	0	0	0	0	0	0	0	0	0	0	0	0	0	0	0	0	0	0	0	0	0	0	0	0	0	0	0	0	0	0	0	0	0	0	0	0	0	0	0	0	0	0	0	0	0	0
Zotu10263	0	0	0	0	0	0	0	73	0	0	0	0	0	0	0	0	0	0	0	0	0	0	0	0	0	0	0	0	0	0	0	0	0	0	0	0	0	0	0	0	38	0	0	0	0	0	0	0	0	0	0	0	0	0	0	0	0	0	0	0	29	0	0	0	0	0	0	19	0	0	0	0	0	0	0	0	0	0	0	0	0	125	0	0	0	10	0	0	0	0	0	0	0	0	0	0	0	0	0	0	0	0	0	0	0	0	0	0	0	0	0	0	0
Zotu7892	0	0	0	0	0	0	0	3	0	0	0	0	0	0	11	0	36	5	0	0	2	3	6	3	0	0	0	0	0	0	0	0	0	0	291	0	0	0	5	0	0	0	0	0	0	34	0	0	0	0	0	0	0	0	0	0	10	13	0	0	0	0	0	0	0	0	0	0	0	0	0	0	0	0	0	0	0	0	0	0	20	0	0	0	0	0	0	0	0	0	0	0	0	0	0	1	0	0	0	0	0	0	0	0	0	0	0	0	0	0	0	0	0
Zotu7982	0	0	0	0	0	0	0	7	0	0	0	0	0	0	0	173	0	0	0	0	0	0	0	0	0	0	0	0	0	0	0	0	45	0	0	0	0	0	0	0	0	33	0	0	0	0	0	0	0	0	0	0	1	0	0	0	0	0	1	0	0	0	0	0	0	0	0	0	0	0	0	0	0	0	0	0	0	0	0	0	0	0	0	0	0	0	0	0	0	748	0	0	0	62	3	368	352	0	1359	1	302	1356	63	0	370	77	0	0	229	1	19	0	0
Zotu9556	0	0	0	0	0	0	0	0	0	320	110	0	4	117	0	0	0	0	30	132	194	0	0	6	0	0	0	0	0	0	0	0	0	0	0	0	0	0	0	0	0	0	0	0	0	0	0	0	0	0	0	0	0	0	0	0	0	0	0	0	0	0	0	0	0	0	0	0	0	0	0	0	0	0	0	0	0	0	0	0	0	0	0	0	0	0	0	0	0	0	0	0	0	0	0	0	0	0	0	0	0	0	0	0	0	0	0	0	0	0	0	0	0
Zotu8197	0	0	0	0	0	0	0	0	0	1	1	0	0	1	0	0	0	0	1	1	0	0	0	1	101	398	2738	928	140	862	174	1306	113	0	3	26	814	219	1187	751	346	2158	8	571	0	11	72	20	4	6	12	40	23	0	0	0	0	0	507	930	150	25	3	528	0	0	0	0	1	0	0	0	0	0	0	0	1	2	0	0	0	0	0	0	0	0	0	0	0	0	0	0	0	0	0	0	0	0	0	0	0	0	0	0	0	0	0	1	0	1	0	0	3
Zotu1723	0	0	0	0	0	0	0	0	0	0	180	1	0	0	0	0	5138	1	147	357	0	0	46	0	0	0	0	0	0	0	0	0	0	0	0	0	0	0	0	0	0	0	0	1	0	0	0	0	0	0	0	0	0	0	0	0	0	0	0	0	0	0	0	0	1	0	0	0	0	0	0	0	0	0	0	0	0	0	0	0	0	0	0	0	0	0	0	0	0	0	0	0	0	0	0	0	0	0	0	0	0	0	0	0	0	0	0	0	0	0	0	0	0
Zotu9100	0	0	0	0	0	0	0	0	0	0	2955	0	1353	0	0	0	2280	0	1290	0	0	3254	248	42	0	0	0	0	0	0	0	0	0	0	0	0	0	0	0	0	0	0	0	0	0	0	0	0	0	0	0	0	0	0	0	0	0	0	0	0	0	0	0	0	0	0	0	0	0	0	0	1	0	0	0	0	0	0	0	0	0	0	0	0	0	0	0	0	0	0	0	0	0	0	0	0	0	0	0	0	0	0	0	0	0	0	0	0	0	0	0	0	0
Zotu5313	0	0	0	0	0	0	0	0	0	0	1	0	0	0	0	0	117	0	0	0	0	0	0	0	0	0	0	0	0	0	0	0	0	0	0	0	0	0	0	0	0	0	0	0	0	0	0	0	0	0	0	0	0	0	0	0	0	0	0	0	0	0	0	0	0	0	0	0	0	0	0	0	0	0	0	0	0	0	0	0	0	0	0	0	0	0	0	0	0	0	0	0	0	0	0	0	0	0	0	0	0	0	0	0	0	0	0	0	0	0	0	0	0
Zotu5785	0	0	0	0	0	0	0	0	0	0	0	0	96	0	0	0	0	0	0	0	0	0	0	0	0	0	0	0	0	0	0	0	0	0	0	0	0	0	0	0	0	0	0	0	0	0	0	0	0	0	0	0	0	0	0	0	0	0	0	0	0	0	0	0	0	0	0	0	0	0	0	0	0	0	0	0	0	0	0	0	0	0	0	0	0	0	0	0	0	0	0	0	0	0	0	0	0	0	0	0	0	0	0	0	0	0	0	0	0	0	0	0	0
Zotu9408	0	0	0	0	0	0	0	0	0	0	0	0	0	33	0	0	0	232	0	167	0	715	0	0	0	0	0	0	0	0	0	0	0	0	0	0	0	0	0	0	0	0	0	0	0	0	0	0	0	0	0	0	0	0	0	0	0	0	0	0	0	0	0	0	0	0	0	0	0	0	0	0	0	0	0	0	0	0	0	0	0	0	0	0	0	0	0	0	0	0	0	0	0	0	0	0	0	0	0	0	0	0	0	0	0	0	0	0	0	0	0	0	0
Zotu9563	0	0	0	0	0	0	0	0	0	0	0	0	0	118	0	0	0	0	0	0	534	0	0	0	0	0	0	0	0	0	0	0	0	0	0	0	0	0	0	0	0	0	0	0	0	0	0	0	0	0	0	0	0	0	0	0	0	0	0	0	0	0	0	0	0	0	0	0	0	0	0	0	0	0	0	0	0	0	0	0	0	0	0	0	0	0	0	0	0	0	0	0	0	0	0	0	0	0	0	0	0	0	0	0	0	0	0	0	0	0	0	0	0
Zotu8216	0	0	0	0	0	0	0	0	0	0	0	0	0	20	0	0	0	0	0	0	0	0	0	0	0	0	0	0	0	0	0	0	0	0	0	1	0	0	0	0	0	0	0	0	0	0	0	0	0	0	0	0	0	0	0	0	0	0	0	0	0	0	0	0	0	0	0	0	1	0	0	1	0	0	0	0	0	0	0	0	0	0	0	0	0	0	0	0	0	290	0	0	0	0	0	0	0	0	0	0	0	0	0	0	1	0	0	0	0	0	0	0	0
Zotu7625	0	0	0	0	0	0	0	0	0	0	0	0	0	0	5	0	2	0	0	0	215	0	2	0	0	0	0	0	0	0	0	0	0	0	0	0	0	0	1	0	0	0	0	0	0	0	0	0	0	0	0	0	0	0	0	0	0	0	0	0	0	0	0	0	0	0	0	0	0	0	0	0	0	0	0	0	0	0	0	0	1	0	0	0	0	0	0	0	0	0	0	0	0	0	0	0	0	0	0	0	0	0	0	0	0	0	0	0	0	0	0	0	0
Zotu9723	0	0	0	0	0	0	0	0	0	0	0	0	0	0	0	1	0	0	0	0	0	0	0	0	0	105	0	0	0	0	67	0	220	0	0	0	0	0	0	0	0	0	0	0	0	0	0	38	0	8	7	0	17	0	0	0	0	0	145	0	414	0	793	1	0	0	0	0	0	0	0	0	0	0	0	0	0	0	0	0	0	0	0	0	0	0	0	0	616	966	1	0	0	0	92	191	0	195	0	80	0	0	0	0	0	0	0	0	0	165	0	0	0
Zotu9356	0	0	0	0	0	0	0	0	0	0	0	0	0	0	0	0	410	0	22	0	0	0	0	0	0	0	0	0	0	0	0	0	0	0	0	0	0	0	0	0	0	0	0	0	0	0	0	0	0	0	0	0	0	0	0	0	0	0	0	0	0	0	0	0	0	0	0	0	0	0	0	0	0	0	0	0	0	0	0	0	0	0	0	0	0	0	0	0	0	0	0	0	0	0	0	0	0	0	0	0	0	0	0	0	0	0	0	0	0	0	0	0	0
Zotu9611	0	0	0	0	0	0	0	0	0	0	0	0	0	0	0	0	1	0	0	0	1	0	0	0	0	0	0	0	0	0	0	0	0	0	1	0	0	0	0	0	0	0	0	0	0	0	0	0	0	0	0	0	0	0	0	0	0	0	0	0	0	0	0	0	0	0	0	0	0	0	0	0	0	0	0	0	0	0	0	0	0	0	0	0	0	0	0	0	0	0	0	0	2	0	23	0	1	0	0	0	0	8	0	10	0	1	0	1	1	1	15	1	0
Zotu11324	0	0	0	0	0	0	0	0	0	0	0	0	0	0	0	0	0	0	40	0	0	0	0	0	0	0	0	0	0	0	0	0	0	0	0	0	0	0	0	0	0	0	0	0	0	0	0	0	0	0	0	0	0	0	0	0	0	0	0	0	0	0	0	0	0	0	0	0	0	0	0	0	0	0	0	0	0	0	0	0	0	0	0	0	0	0	0	0	0	0	0	0	0	0	0	0	0	0	0	0	0	0	0	0	0	0	0	0	0	0	0	0	0
Zotu5593	0	0	0	0	0	0	0	0	0	0	0	0	0	0	0	0	0	0	0	0	273	0	0	0	0	0	0	0	0	0	0	0	0	0	0	0	0	0	0	0	0	0	0	0	0	0	1	0	0	0	0	0	0	0	0	0	0	0	0	0	0	0	0	0	0	0	0	0	0	0	0	0	0	0	0	0	0	0	0	0	0	0	0	0	0	0	0	0	0	0	0	0	0	0	0	0	0	0	0	0	0	0	0	0	0	0	0	0	0	0	0	0	0
Zotu8523	0	0	0	0	0	0	0	0	0	0	0	0	0	0	0	0	0	0	0	0	115	0	9	0	0	0	0	0	0	0	0	0	0	0	0	0	0	0	0	0	0	0	0	0	0	0	0	0	0	0	0	0	0	0	0	0	0	0	0	0	0	0	0	0	0	0	0	0	0	0	0	0	0	0	0	0	0	0	0	0	0	0	0	0	0	0	0	0	0	0	0	0	0	0	0	0	0	0	0	0	0	0	0	0	0	0	0	0	0	0	0	0	0
Zotu7597	0	0	0	0	0	0	0	0	0	0	0	0	0	0	0	0	0	0	0	0	0	0	2	0	0	0	0	0	0	0	0	0	0	0	0	0	0	0	0	0	0	0	0	0	1	0	0	0	0	0	0	0	0	0	0	1	0	0	0	0	0	0	0	0	9	9	23	9	3	3	0	0	4	1	0	0	5	3	0	2	1	1	0	2	7	727	10	8	0	0	0	0	0	0	0	0	0	0	0	19	0	0	0	0	0	0	0	0	1	0	0	0	0
Zotu8965	0	0	0	0	0	0	0	0	0	0	0	0	0	0	0	0	0	0	0	0	0	0	0	0	5	2	136	10	0	34	51	13	4	0	0	0	34	7	152	10	9	29	0	2	0	0	0	2	1	0	0	5	1	0	0	0	0	0	16	52	6	3	0	38	0	0	0	0	0	0	0	0	0	0	0	0	0	0	0	0	0	0	0	0	0	0	0	0	0	0	0	0	0	0	0	0	0	0	0	0	0	0	0	0	0	0	0	0	0	0	0	0	0
Zotu7771	0	0	0	0	0	0	0	0	0	0	0	0	0	0	0	0	0	0	0	0	0	0	0	0	1	4	0	0	0	0	1	0	34	0	0	0	0	0	0	0	0	0	0	1	0	0	0	5	0	0	1	0	0	0	0	0	0	0	35	0	76	7	77	0	0	0	0	0	0	0	0	0	0	0	0	0	0	0	0	0	0	0	0	0	0	0	0	0	185	221	6	12	0	0	4	9	0	3	67	28	0	0	277	144	0	0	0	0	2	353	0	0	2
Zotu9357	0	0	0	0	0	0	0	0	0	0	0	0	0	0	0	0	0	0	0	0	0	0	0	0	3	0	87	125	0	0	0	0	0	0	3	0	10	0	23	29	1	23	448	0	0	0	1	0	0	0	0	0	0	0	0	0	0	0	0	0	0	0	0	0	0	0	0	0	0	0	0	0	0	0	0	0	0	0	0	0	0	0	0	0	0	0	0	0	1	0	0	0	0	0	0	0	0	5	1	1	0	0	0	0	0	0	0	0	0	0	0	0	0
Zotu10236	0	0	0	0	0	0	0	0	0	0	0	0	0	0	0	0	0	0	0	0	0	0	0	0	1	0	0	0	0	0	49	0	0	0	0	0	0	0	0	1	0	0	0	0	0	0	0	0	0	0	0	0	0	0	0	0	0	0	0	0	0	0	0	0	0	0	0	0	0	0	0	0	0	0	0	0	0	0	0	0	0	0	0	0	0	0	0	0	0	0	0	0	0	0	0	0	0	0	0	0	0	0	0	0	0	0	0	0	0	0	0	0	0
Zotu5287	0	0	0	0	0	0	0	0	0	0	0	0	0	0	0	0	0	0	0	0	0	0	0	0	1	90	0	0	0	0	40	0	0	0	0	0	0	0	0	0	0	0	0	0	0	0	0	0	0	0	0	0	0	0	0	0	0	0	0	0	0	0	0	0	0	0	0	0	0	0	0	0	0	0	0	0	0	0	0	0	0	0	0	0	0	0	0	0	0	0	0	0	0	0	0	0	0	0	0	0	0	0	0	0	0	0	0	0	0	0	0	0	0
Zotu11164	0	0	0	0	0	0	0	0	0	0	0	0	0	0	0	0	0	0	0	0	0	0	0	0	0	31	0	4	0	0	0	0	0	0	0	0	0	0	1	0	0	0	0	0	7	0	0	0	0	0	0	0	0	0	0	0	0	0	0	0	0	0	0	0	0	0	0	0	1	0	0	0	0	0	0	0	0	0	0	0	0	0	0	0	0	0	0	0	0	0	0	0	0	0	0	0	0	0	0	0	0	0	0	0	0	0	0	0	0	0	0	0	0
Zotu897	0	0	0	0	0	0	0	0	0	0	0	0	0	0	0	0	0	0	0	0	0	0	0	0	0	14	0	0	0	0	8	29	1	2760	63	0	2	0	14	251	0	7	0	0	0	0	0	0	0	0	0	0	0	0	0	0	0	0	0	0	0	0	0	0	0	0	0	0	0	0	0	0	0	0	0	0	0	0	0	0	0	0	0	0	0	0	0	0	0	0	0	0	0	0	0	0	0	0	0	0	0	0	0	0	0	0	0	0	0	0	0	0	0
Zotu6429	0	0	0	0	0	0	0	0	0	0	0	0	0	0	0	0	0	0	0	0	0	0	0	0	0	0	0	22	0	0	0	1	0	0	0	0	0	0	0	8	0	2	0	102	0	17	2	0	0	0	0	0	0	0	0	0	0	0	0	0	0	0	0	2	0	0	0	0	0	0	0	0	0	0	0	0	0	0	0	0	0	0	0	0	0	0	0	0	0	0	0	0	0	0	0	0	0	0	0	0	0	0	0	0	0	0	0	0	0	0	0	0	0
Zotu9896	0	0	0	0	0	0	0	0	0	0	0	0	0	0	0	0	0	0	0	0	0	0	0	0	0	0	0	1	0	0	0	0	0	0	136	332	0	0	0	2	0	1	835	0	0	0	0	0	0	0	0	0	0	0	0	0	0	0	0	0	0	0	0	0	0	0	0	0	0	0	0	0	0	0	0	0	0	0	0	0	0	0	0	0	0	0	0	0	0	0	0	13	0	0	0	0	0	0	0	0	0	0	0	0	0	61	0	0	2	425	46	0	0
Zotu9262	0	0	0	0	0	0	0	0	0	0	0	0	0	0	0	0	0	0	0	0	0	0	0	0	0	0	0	14	0	2	0	0	0	0	0	0	2	0	0	0	8	0	0	160	0	0	0	0	0	0	0	0	0	0	0	0	0	0	0	0	0	0	0	0	0	0	0	0	0	0	0	0	0	0	0	0	0	0	0	0	0	0	0	0	0	0	0	0	0	0	0	0	34	0	0	0	0	0	0	0	0	0	0	0	0	0	0	0	0	0	0	0	0
Zotu10503	0	0	0	0	0	0	0	0	0	0	0	0	0	0	0	0	0	0	0	0	0	0	0	0	0	0	0	0	2	0	0	0	0	0	0	0	0	0	0	0	0	0	0	47	0	0	0	0	0	0	0	0	0	0	0	0	0	0	0	0	0	0	0	0	0	0	0	0	0	0	0	0	0	0	0	0	0	0	0	0	0	0	0	0	0	0	0	0	0	0	0	0	0	0	0	0	0	0	0	0	0	0	0	0	0	0	0	0	0	0	0	0	0
Zotu10971	0	0	0	0	0	0	0	0	0	0	0	0	0	0	0	0	0	0	0	0	0	0	0	0	0	0	0	0	0	1	0	1	0	0	0	0	9	0	0	0	0	0	0	37	0	5	0	0	0	0	0	0	0	0	0	0	0	0	0	0	0	0	0	0	0	0	0	0	0	0	0	0	0	0	0	0	0	0	0	0	0	0	0	0	0	0	0	0	0	0	0	0	0	0	0	0	0	0	0	0	0	0	0	0	0	0	0	0	0	0	0	0	0
Zotu6409	0	0	0	0	0	0	0	0	0	0	0	0	0	0	0	0	0	0	0	0	0	0	0	0	0	0	0	0	0	0	0	0	1	0	0	20	3880	9	0	0	363	0	0	7464	0	31	445	0	0	0	0	0	0	0	0	0	0	0	0	0	0	0	0	0	0	1	0	0	0	0	0	0	0	0	0	0	0	0	0	0	0	0	0	0	0	0	0	0	0	0	0	0	0	0	0	0	0	0	0	0	0	0	0	0	0	0	0	0	0	0	0	0	0
Zotu9529	0	0	0	0	0	0	0	0	0	0	0	0	0	0	0	0	0	0	0	0	0	0	0	0	0	0	0	0	0	0	0	0	0	1143	2004	133	230	244	447	2216	436	1013	119	373	51	101	0	0	0	0	0	0	0	0	134	0	0	0	0	0	0	0	0	1587	0	0	0	0	0	0	0	0	0	0	0	0	0	0	0	0	0	0	0	0	0	0	0	0	547	0	678	71	884	0	180	0	0	536	285	149	302	5	0	285	0	41	350	0	130	0	613	501	2
Zotu7748	0	0	0	0	0	0	0	0	0	0	0	0	0	0	0	0	0	0	0	0	0	0	0	0	0	0	0	0	0	0	0	0	0	146	311	2	50	18	97	297	42	199	36	2	12	0	0	0	0	0	0	0	0	0	2	0	0	0	0	0	0	0	0	189	0	0	0	0	0	0	0	0	0	0	0	0	0	0	0	0	0	0	0	0	0	0	0	0	2	0	99	63	177	0	0	0	0	178	169	0	46	0	0	0	0	1	145	0	32	0	4	190	0
Zotu11493	0	0	0	0	0	0	0	0	0	0	0	0	0	0	0	0	0	0	0	0	0	0	0	0	0	0	0	0	0	0	0	0	0	28	0	0	0	0	0	0	0	0	0	0	0	0	0	0	0	0	0	0	0	0	0	0	0	0	0	0	0	0	0	0	0	0	0	0	0	0	0	0	0	0	0	0	0	0	0	0	0	0	0	0	0	0	0	0	0	0	0	0	0	0	0	0	0	0	0	0	0	0	0	0	0	0	0	0	0	0	0	0	0
Zotu8192	0	0	0	0	0	0	0	0	0	0	0	0	0	0	0	0	0	0	0	0	0	0	0	0	0	0	0	0	0	0	0	0	0	0	46	187	0	0	0	0	0	0	151	0	0	0	0	0	0	0	0	0	0	0	0	0	0	0	0	0	0	0	0	0	0	0	0	0	0	0	0	0	0	0	0	0	0	0	0	0	0	0	0	0	0	0	0	0	0	0	0	0	0	0	0	0	0	0	0	0	0	0	0	0	0	0	0	1	0	139	100	0	0
Zotu6276	0	0	0	0	0	0	0	0	0	0	0	0	0	0	0	0	0	0	0	0	0	0	0	0	0	0	0	0	0	0	0	0	0	0	1	1	0	0	0	0	0	0	0	0	0	0	0	0	0	0	0	0	0	0	0	0	0	0	0	0	0	0	0	0	0	0	0	0	0	0	0	0	0	0	0	0	0	0	0	0	0	0	0	1	0	0	0	0	10	9	0	2	1	1	31	20	0	0	3	0	1	5	9	3	2	0	15	0	0	10	3	5	0
Zotu8565	0	0	0	0	0	0	0	0	0	0	0	0	0	0	0	0	0	0	0	0	0	0	0	0	0	0	0	0	0	0	0	0	0	0	0	1799	0	0	0	0	0	0	0	0	0	0	0	0	0	0	0	0	0	0	0	16	7	0	0	1	2804	603	773	3015	2	0	0	1	2	0	0	0	0	0	0	0	0	0	0	0	0	0	0	0	0	0	0	0	107	790	0	0	58	157	1988	923	526	94	129	39	0	0	33	293	0	0	0	0	0	782	221	0	6
Zotu9866	0	0	0	0	0	0	0	0	0	0	0	0	0	0	0	0	0	0	0	0	0	0	0	0	0	0	0	0	0	0	0	0	0	0	0	155	0	0	0	0	0	0	53	0	0	0	8	0	0	0	0	0	0	0	0	0	0	0	0	0	0	0	0	0	0	0	0	0	0	0	0	0	0	0	0	0	0	0	0	0	0	0	0	0	0	0	0	0	388	0	1	0	5	3	1	190	58	0	0	0	244	0	600	0	1	0	0	0	0	0	8	0	0
Zotu8351	0	0	0	0	0	0	0	0	0	0	0	0	0	0	0	0	0	0	0	0	0	0	0	0	0	0	0	0	0	0	0	0	0	0	0	0	607	0	0	0	107	0	0	1376	0	1	38	0	0	0	0	0	0	0	0	0	0	0	0	0	0	0	0	0	0	0	0	0	0	0	0	0	0	0	0	0	0	0	0	0	0	0	0	0	0	0	0	0	0	0	0	0	0	0	0	0	0	0	0	0	0	0	0	0	0	0	0	0	0	0	0	0	0
Zotu5709	0	0	0	0	0	0	0	0	0	0	0	0	0	0	0	0	0	0	0	0	0	0	0	0	0	0	0	0	0	0	0	0	0	0	0	0	10	0	2	7	267	0	0	0	0	0	0	0	0	0	0	0	0	0	0	0	0	0	0	0	0	0	0	0	0	0	0	0	0	0	0	0	0	0	0	0	0	0	0	0	0	0	0	0	0	0	0	0	0	0	0	0	0	0	0	0	0	0	0	0	0	0	0	0	0	0	0	0	0	0	0	0	0
Zotu10743	0	0	0	0	0	0	0	0	0	0	0	0	0	0	0	0	0	0	0	0	0	0	0	0	0	0	0	0	0	0	0	0	0	0	0	0	0	0	5	0	24	0	0	0	0	0	0	0	0	0	0	0	0	0	98	382	0	11	495	186	0	58	7	175	0	0	0	0	0	0	0	0	0	0	0	0	35	0	0	0	76	0	0	0	0	0	0	0	0	0	0	0	0	0	0	0	0	0	0	0	0	0	0	0	0	0	2	0	0	0	0	0	15
Zotu8848	0	0	0	0	0	0	0	0	0	0	0	0	0	0	0	0	0	0	0	0	0	0	0	0	0	0	0	0	0	0	0	0	0	0	0	0	0	0	0	0	0	0	1	435	0	0	102	0	0	0	0	0	0	0	0	0	0	0	0	0	0	0	0	0	0	0	0	0	0	0	0	0	0	0	0	0	0	0	0	0	0	0	0	0	0	0	0	0	244	0	200	0	477	0	6	0	110	1408	677	141	50	930	0	843	0	9	0	0	247	0	0	0	0
Zotu6503	0	0	0	0	0	0	0	0	0	0	0	0	0	0	0	0	0	0	0	0	0	0	0	0	0	0	0	0	0	0	0	0	0	0	0	0	0	0	0	0	0	0	0	27	0	3	0	0	0	0	0	0	0	0	0	0	0	0	0	0	0	0	0	0	0	0	0	0	0	0	0	0	0	0	0	0	0	0	0	0	0	0	0	0	0	0	0	0	5	21	0	0	4	0	7	1	30	0	0	4	0	38	80	20	193	0	0	2	0	68	447	16	0
Zotu9258	0	0	0	0	0	0	0	0	0	0	0	0	0	0	0	0	0	0	0	0	0	0	0	0	0	0	0	0	0	0	0	0	0	0	0	0	0	0	0	0	0	0	0	614	5	0	0	0	0	0	0	0	0	11	0	0	0	0	0	0	0	62	0	149	0	0	0	0	0	0	0	0	0	0	0	0	0	0	0	0	0	0	0	0	0	0	0	0	0	1	2	0	0	0	0	0	0	0	0	0	0	0	0	0	0	0	0	0	0	0	0	0	0
Zotu98	0	0	0	0	0	0	0	0	0	0	0	0	0	0	0	0	0	0	0	0	0	0	0	0	0	0	0	0	0	0	0	0	0	0	0	0	0	0	0	0	0	0	0	0	0	0	0	357	939	78	3009	544	1227	0	184	13	0	0	129	1796	706	1235	674	0	0	0	0	0	0	0	0	0	0	0	0	0	0	0	0	0	0	0	0	0	0	0	0	0	1	625	1771	0	662	0	0	0	0	782	0	305	0	804	0	200	0	0	0	0	0	0	0	0	8
Zotu9246	0	0	0	0	0	0	0	0	0	0	0	0	0	0	0	0	0	0	0	0	0	0	0	0	0	0	0	0	0	0	0	0	0	0	0	0	0	0	0	0	0	0	0	0	0	0	0	57	0	0	0	0	838	38	186	0	0	0	0	0	0	0	0	0	0	0	0	0	0	0	0	0	0	0	0	0	0	0	0	0	0	0	0	0	0	0	0	0	0	0	0	0	0	0	0	0	0	0	0	0	0	0	0	0	0	0	0	0	0	0	0	0	0
Zotu8538	0	0	0	0	0	0	0	0	0	0	0	0	0	0	0	0	0	0	0	0	0	0	0	0	0	0	0	0	0	0	0	0	0	0	0	0	0	0	0	0	0	0	0	0	0	0	0	0	0	629	153	350	5	0	2	0	0	0	0	0	0	40	0	7	0	0	0	0	0	0	0	0	0	0	0	0	0	0	0	0	0	0	0	0	0	0	0	0	0	0	0	0	0	0	0	0	0	0	0	0	0	0	0	0	0	0	0	0	0	0	0	0	5
Zotu8526	0	0	0	0	0	0	0	0	0	0	0	0	0	0	0	0	0	0	0	0	0	0	0	0	0	0	0	0	0	0	0	0	0	0	0	0	0	0	0	0	0	0	0	0	0	0	0	0	0	0	105	0	0	0	0	0	0	0	0	0	0	0	0	0	0	0	0	0	0	0	0	0	0	0	0	0	0	0	0	0	0	0	7	0	0	0	0	0	0	0	0	0	0	0	0	0	0	0	0	0	0	0	0	0	0	0	0	0	0	0	0	0	0
Zotu6314	0	0	0	0	0	0	0	0	0	0	0	0	0	0	0	0	0	0	0	0	0	0	0	0	0	0	0	0	0	0	0	0	0	0	0	0	0	0	0	0	0	0	0	0	0	0	0	0	0	0	0	0	0	5091	0	0	136	0	0	0	0	0	0	0	0	0	0	0	0	0	0	0	0	0	0	0	0	0	0	0	0	0	0	0	0	0	0	0	0	0	0	0	0	0	0	0	0	0	0	0	0	0	0	0	0	0	0	0	0	0	0	0	3916
Zotu9106	0	0	0	0	0	0	0	0	0	0	0	0	0	0	0	0	0	0	0	0	0	0	0	0	0	0	0	0	0	0	0	0	0	0	0	0	0	0	0	0	0	0	0	0	0	0	0	0	0	0	0	0	0	573	732	0	838	149	67	158	240	2663	51	171	0	0	0	0	2	0	0	0	0	0	0	0	0	0	0	0	0	0	0	0	0	0	0	0	0	0	0	0	0	0	0	0	0	0	0	0	0	0	0	0	0	0	0	0	0	0	0	0	218
Zotu11467	0	0	0	0	0	0	0	0	0	0	0	0	0	0	0	0	0	0	0	0	0	0	0	0	0	0	0	0	0	0	0	0	0	0	0	0	0	0	0	0	0	0	0	0	0	0	0	0	0	0	0	0	0	267	125	0	124	32	22	38	91	410	20	194	0	0	0	0	0	0	0	0	0	0	0	0	0	0	0	0	0	0	0	0	0	0	0	0	0	0	0	0	0	0	0	0	0	0	0	0	0	0	0	0	0	0	0	0	0	0	0	0	142
Zotu5928	0	0	0	0	0	0	0	0	0	0	0	0	0	0	0	0	0	0	0	0	0	0	0	0	0	0	0	0	0	0	0	0	0	0	0	0	0	0	0	0	0	0	0	0	0	0	0	0	0	0	0	0	0	234	354	0	3	5	0	0	0	0	0	0	0	0	0	0	0	0	0	0	0	0	0	0	0	0	0	0	0	0	0	0	0	0	0	0	0	0	0	0	0	0	0	0	0	0	0	0	0	0	0	0	0	0	0	0	0	0	0	0	297
Zotu8864	0	0	0	0	0	0	0	0	0	0	0	0	0	0	0	0	0	0	0	0	0	0	0	0	0	0	0	0	0	0	0	0	0	0	0	0	0	0	0	0	0	0	0	0	0	0	0	0	0	0	0	0	0	34	565	248	23	264	0	0	0	0	0	0	0	0	0	0	0	0	0	0	0	0	0	0	0	0	0	0	0	0	0	0	0	0	0	0	0	0	0	0	0	0	0	0	0	0	0	0	0	0	0	0	0	0	0	0	0	0	0	0	70
Zotu9486	0	0	0	0	0	0	0	0	0	0	0	0	0	0	0	0	0	0	0	0	0	0	0	0	0	0	0	0	0	0	0	0	0	0	0	0	0	0	0	0	0	0	0	0	0	0	0	0	0	0	0	0	0	62	2392	283	44	480	0	0	0	0	0	0	0	0	0	0	0	1	0	0	0	0	0	0	0	0	0	0	0	0	0	0	0	0	0	0	0	0	0	0	0	0	0	0	0	0	0	0	0	0	0	0	0	0	0	0	0	0	0	0	269
Zotu2501	0	0	0	0	0	0	0	0	0	0	0	0	0	0	0	0	0	0	0	0	0	0	0	0	0	0	0	0	0	0	0	0	0	0	0	0	0	0	0	0	0	0	0	0	0	0	0	0	0	0	0	0	0	18	180	0	46	6	0	0	0	0	0	308	1	0	0	0	0	0	0	0	0	0	0	0	0	0	0	0	0	0	0	0	0	1	0	0	0	0	0	81	0	2738	0	0	0	0	2059	0	138	219	0	1	0	74	0	263	8	0	0	0	155
Zotu7923	0	0	0	0	0	0	0	0	0	0	0	0	0	0	0	0	0	0	0	0	0	0	0	0	0	0	0	0	0	0	0	0	0	0	0	0	0	0	0	0	0	0	0	0	0	0	0	0	0	0	0	0	0	6	271	53	7	50	0	0	0	0	0	0	0	0	0	0	0	0	0	0	0	0	0	0	0	0	0	0	0	0	0	0	0	0	0	0	0	0	0	0	0	0	0	0	0	0	0	0	0	0	0	0	0	0	0	0	0	0	0	0	37
Zotu8195	0	0	0	0	0	0	0	0	0	0	0	0	0	0	0	0	0	0	0	0	0	0	0	0	0	0	0	0	0	0	0	0	0	0	0	0	0	0	0	0	0	0	0	0	0	0	0	0	0	0	0	0	0	0	111	0	0	0	0	0	0	0	0	0	0	0	0	0	0	0	0	0	0	0	0	0	0	0	0	0	0	0	0	0	37	0	0	0	0	0	339	126	0	0	0	0	1	2	586	3	0	0	0	0	0	0	578	1585	247	0	23	857	0
Zotu7290	0	0	0	0	0	0	0	0	0	0	0	0	0	0	0	0	0	0	0	0	0	0	0	0	0	0	0	0	0	0	0	0	0	0	0	0	0	0	0	0	0	0	0	0	0	0	0	0	0	0	0	0	0	0	104	0	0	0	0	0	0	0	0	0	0	0	0	0	0	0	0	0	0	0	0	0	0	0	0	0	0	0	0	0	0	0	0	0	0	0	0	0	0	0	0	0	0	0	0	0	0	0	0	0	0	0	0	0	0	0	0	0	0
Zotu9132	0	0	0	0	0	0	0	0	0	0	0	0	0	0	0	0	0	0	0	0	0	0	0	0	0	0	0	0	0	0	0	0	0	0	0	0	0	0	0	0	0	0	0	0	0	0	0	0	0	0	0	0	0	0	0	1	0	0	0	0	0	0	0	0	0	0	0	0	0	0	0	0	0	0	0	0	0	0	0	0	0	0	0	0	0	0	0	0	0	0	0	0	0	0	0	0	0	0	0	0	0	0	0	0	0	0	340	25	0	0	0	0	0
Zotu8085	0	0	0	0	0	0	0	0	0	0	0	0	0	0	0	0	0	0	0	0	0	0	0	0	0	0	0	0	0	0	0	0	0	0	0	0	0	0	0	0	0	0	0	0	0	0	0	0	0	0	0	0	0	0	0	0	0	0	0	0	0	130	0	22	0	0	0	0	0	0	0	0	0	0	0	0	0	0	0	0	0	0	0	0	0	0	0	0	0	0	0	0	0	0	0	0	0	0	0	0	0	0	0	0	1	0	0	0	0	0	0	0	0
Zotu9824	0	0	0	0	0	0	0	0	0	0	0	0	0	0	0	0	0	0	0	0	0	0	0	0	0	0	0	0	0	0	0	0	0	0	0	0	0	0	0	0	0	0	0	0	0	0	0	0	0	0	0	0	0	0	0	0	0	0	0	0	0	0	0	0	0	1	0	0	0	0	0	0	0	0	0	0	51	9	0	0	3	21	0	4	0	28	93	122	0	0	0	0	0	0	0	0	0	0	0	0	0	0	0	0	0	0	0	0	0	0	0	0	0
Zotu6300	0	0	0	0	0	0	0	0	0	0	0	0	0	0	0	0	0	0	0	0	0	0	0	0	0	0	0	0	0	0	0	0	0	0	0	0	0	0	0	0	0	0	0	0	0	0	0	0	0	0	0	0	0	0	0	0	0	0	0	0	0	0	0	0	0	0	0	1	0	0	0	0	0	0	0	0	0	1	0	0	0	0	0	0	0	197	8	0	0	0	0	0	0	0	0	0	0	0	0	0	0	0	0	0	0	0	0	0	0	0	0	0	0
Zotu5821	0	0	0	0	0	0	0	0	0	0	0	0	0	0	0	0	0	0	0	0	0	0	0	0	0	0	0	0	0	0	0	0	0	0	0	0	0	0	0	0	0	0	0	0	0	0	0	0	0	0	0	0	0	0	0	0	0	0	0	0	0	0	0	0	0	0	0	0	0	0	0	0	1	0	0	0	0	0	0	0	0	0	0	0	0	0	0	0	0	0	0	0	0	0	0	0	224	3814	0	0	435	0	1939	2	0	24501	0	0	0	0	0	0	0
Zotu10075	0	0	0	0	0	0	0	0	0	0	0	0	0	0	0	0	0	0	0	0	0	0	0	0	0	0	0	0	0	0	0	0	0	0	0	0	0	0	0	0	0	0	0	0	0	0	0	0	0	0	0	0	0	0	0	0	0	0	0	0	0	0	0	0	0	0	0	0	0	0	0	0	0	0	0	0	0	0	0	103	0	0	169	0	0	1	2	0	0	0	0	0	0	0	0	0	0	0	0	0	0	0	0	0	0	0	0	0	0	0	0	0	0
Zotu9798	0	0	0	0	0	0	0	0	0	0	0	0	0	0	0	0	0	0	0	0	0	0	0	0	0	0	0	0	0	0	0	0	0	0	0	0	0	0	0	0	0	0	0	0	0	0	0	0	0	0	0	0	0	0	0	0	0	0	0	0	0	0	0	0	0	0	0	0	0	0	0	0	0	0	0	0	0	0	0	0	0	0	0	0	0	0	0	0	265	0	0	0	0	0	0	0	0	0	0	0	0	0	0	0	0	0	0	0	0	0	0	0	0
Zotu7636	0	0	0	0	0	0	0	0	0	0	0	0	0	0	0	0	0	0	0	0	0	0	0	0	0	0	0	0	0	0	0	0	0	0	0	0	0	0	0	0	0	0	0	0	0	0	0	0	0	0	0	0	0	0	0	0	0	0	0	0	0	0	0	0	0	0	0	0	0	0	0	0	0	0	0	0	0	0	0	0	0	0	0	0	0	0	0	0	10	5	3	0	0	7	9	3	4	18	18	0	1	8	7	2	11	0	0	1	1	3	7	2	0
Zotu8450	0	0	0	0	0	0	0	0	0	0	0	0	0	0	0	0	0	0	0	0	0	0	0	0	0	0	0	0	0	0	0	0	0	0	0	0	0	0	0	0	0	0	0	0	0	0	0	0	0	0	0	0	0	0	0	0	0	0	0	0	0	0	0	0	0	0	0	0	0	0	0	0	0	0	0	0	0	0	0	0	0	0	0	0	0	0	0	0	1	0	1	0	0	0	8	1	32	279	264	3	0	17	28	192	27	3	2	10	30	5	3	2	0
Zotu8129	0	0	0	0	0	0	0	0	0	0	0	0	0	0	0	0	0	0	0	0	0	0	0	0	0	0	0	0	0	0	0	0	0	0	0	0	0	0	0	0	0	0	0	0	0	0	0	0	0	0	0	0	0	0	0	0	0	0	0	0	0	0	0	0	0	0	0	0	0	0	0	0	0	0	0	0	0	0	0	0	0	0	0	0	0	0	0	0	1	0	96	0	0	0	0	0	0	0	0	133	0	0	0	0	0	0	0	0	0	0	0	0	0
Zotu913	0	0	0	0	0	0	0	0	0	0	0	0	0	0	0	0	0	0	0	0	0	0	0	0	0	0	0	0	0	0	0	0	0	0	0	0	0	0	0	0	0	0	0	0	0	0	0	0	0	0	0	0	0	0	0	0	0	0	0	0	0	0	0	0	0	0	0	0	0	0	0	0	0	0	0	0	0	0	0	0	0	0	0	0	0	0	0	0	0	311	0	0	78	0	0	0	0	0	0	0	0	0	0	0	0	0	0	0	0	0	0	0	0
Zotu4486	0	0	0	0	0	0	0	0	0	0	0	0	0	0	0	0	0	0	0	0	0	0	0	0	0	0	0	0	0	0	0	0	0	0	0	0	0	0	0	0	0	0	0	0	0	0	0	0	0	0	0	0	0	0	0	0	0	0	0	0	0	0	0	0	0	0	0	0	0	0	0	0	0	0	0	0	0	0	0	0	0	0	0	0	0	0	0	0	0	0	0	0	0	0	109	0	0	0	23	0	0	0	0	0	0	0	0	0	0	0	0	0	0
Zotu9297	0	0	0	0	0	0	0	0	0	0	0	0	0	0	0	0	0	0	0	0	0	0	0	0	0	0	0	0	0	0	0	0	0	0	0	0	0	0	0	0	0	0	0	0	0	0	0	0	0	0	0	0	0	0	0	0	0	0	0	0	0	0	0	0	0	0	0	0	0	0	0	0	0	0	0	0	0	0	0	0	0	0	0	0	0	0	0	0	0	0	0	0	0	0	0	0	0	0	72	0	0	0	0	0	0	0	0	0	0	0	0	0	0
Zotu10620	0	0	0	0	0	0	0	0	0	0	0	0	0	0	0	0	0	0	0	0	0	0	0	0	0	0	0	0	0	0	0	0	0	0	0	0	0	0	0	0	0	0	0	0	0	0	0	0	0	0	0	0	0	0	0	0	0	0	0	0	0	0	0	0	0	0	0	0	0	0	0	0	0	0	0	0	0	0	0	0	0	0	0	0	0	0	0	0	0	0	0	0	0	0	0	0	0	0	0	0	0	42	0	0	0	0	0	0	0	0	0	0	0
Zotu11542	0	0	0	0	0	0	0	0	0	0	0	0	0	0	0	0	0	0	0	0	0	0	0	0	0	0	0	0	0	0	0	0	0	0	0	0	0	0	0	0	0	0	0	0	0	0	0	0	0	0	0	0	0	0	0	0	0	0	0	0	0	0	0	0	0	0	0	0	0	0	0	0	0	0	0	0	0	0	0	0	0	0	0	0	0	0	0	0	0	0	0	0	0	0	0	0	0	0	0	0	0	31	0	0	0	0	0	0	0	0	0	0	0
Zotu6810	0	0	0	0	0	0	0	0	0	0	0	0	0	0	0	0	0	0	0	0	0	0	0	0	0	0	0	0	0	0	0	0	0	0	0	0	0	0	0	0	0	0	0	0	0	0	0	0	0	0	0	0	0	0	0	0	0	0	0	0	0	0	0	0	0	0	0	0	0	0	0	0	0	0	0	0	0	0	0	0	0	0	0	0	0	0	0	0	0	0	0	0	0	0	0	0	0	0	0	0	0	0	81	0	0	0	0	0	0	0	0	0	0
Zotu9270	0	0	0	0	0	0	0	0	0	0	0	0	0	0	0	0	0	0	0	0	0	0	0	0	0	0	0	0	0	0	0	0	0	0	0	0	0	0	0	0	0	0	0	0	0	0	0	0	0	0	0	0	0	0	0	0	0	0	0	0	0	0	0	0	0	0	0	0	0	0	0	0	0	0	0	0	0	0	0	0	0	0	0	0	0	0	0	0	0	0	0	0	0	0	0	0	0	0	0	0	0	0	0	0	0	0	1644	0	136	0	0	0	0
Zotu9933	0	0	0	0	0	0	0	0	0	0	0	0	0	0	0	0	0	0	0	0	0	0	0	0	0	0	0	0	0	0	0	0	0	0	0	0	0	0	0	0	0	0	0	0	0	0	0	0	0	0	0	0	0	0	0	0	0	0	0	0	0	0	0	0	0	0	0	0	0	0	0	0	0	0	0	0	0	0	0	0	0	0	0	0	0	0	0	0	0	0	0	0	0	0	0	0	0	0	0	0	0	0	0	0	0	0	10	342	22	0	0	515	0
Zotu6098	0	0	0	0	0	0	0	0	0	0	0	0	0	0	0	0	0	0	0	0	0	0	0	0	0	0	0	0	0	0	0	0	0	0	0	0	0	0	0	0	0	0	0	0	0	0	0	0	0	0	0	0	0	0	0	0	0	0	0	0	0	0	0	0	0	0	0	0	0	0	0	0	0	0	0	0	0	0	0	0	0	0	0	0	0	0	0	0	0	0	0	0	0	0	0	0	0	0	0	0	0	0	0	0	0	0	0	17	105	0	0	0	0
Zotu9208	0	0	0	0	0	0	0	0	0	0	0	0	0	0	0	0	0	0	0	0	0	0	0	0	0	0	0	0	0	0	0	0	0	0	0	0	0	0	0	0	0	0	0	0	0	0	0	0	0	0	0	0	0	0	0	0	0	0	0	0	0	0	0	0	0	0	0	0	0	0	0	0	0	0	0	0	0	0	0	0	0	0	0	0	0	0	0	0	0	0	0	0	0	0	0	0	0	0	0	0	0	0	0	0	0	0	0	51	194	0	0	0	0
Zotu945	0	0	0	0	0	0	0	0	0	0	0	0	0	0	0	0	0	0	0	0	0	0	0	0	0	0	0	0	0	0	0	0	0	0	0	0	0	0	0	0	0	0	0	0	0	0	0	0	0	0	0	0	0	0	0	0	0	0	0	0	0	0	0	0	0	0	0	0	0	0	0	0	0	0	0	0	0	0	0	0	0	0	0	0	0	0	0	0	0	0	0	0	0	0	0	0	0	0	0	0	0	0	0	0	0	0	0	0	0	0	449	0	0
