#OTU ID	MMPRNT1465	MMPRNT1466	MMPRNT1467	MMPRNT1468	MMPRNT1469	MMPRNT1470	MMPRNT1471	MMPRNT1472	MMPRNT1473	MMPRNT1474	MMPRNT1475	MMPRNT1476	MMPRNT1477	MMPRNT1478	MMPRNT1479	MMPRNT1480	MMPRNT1481	MMPRNT1482	MMPRNT1483	MMPRNT1484	MMPRNT1485	MMPRNT1486	MMPRNT1487	MMPRNT1488	MMPRNT1537	MMPRNT1538	MMPRNT1539	MMPRNT1540	MMPRNT1541	MMPRNT1542	MMPRNT1543	MMPRNT1544	MMPRNT1545	MMPRNT1546	MMPRNT1547	MMPRNT1548	MMPRNT1549	MMPRNT1550	MMPRNT1551	MMPRNT1552	MMPRNT1553	MMPRNT1554	MMPRNT1555	MMPRNT1556	MMPRNT1557	MMPRNT1558	MMPRNT1559	MMPRNT1616	MMPRNT1617	MMPRNT1618	MMPRNT1619	MMPRNT1620	MMPRNT1621	MMPRNT1622	MMPRNT1623	MMPRNT1624	MMPRNT1625	MMPRNT1626	MMPRNT1627	MMPRNT1628	MMPRNT1629	MMPRNT1630	MMPRNT1631	MMPRNT1632	MMPRNT1681	MMPRNT1682	MMPRNT1683	MMPRNT1684	MMPRNT1685	MMPRNT1686	MMPRNT1687	MMPRNT1688	MMPRNT1689	MMPRNT1690	MMPRNT1691	MMPRNT1692	MMPRNT1693	MMPRNT1694	MMPRNT1695	MMPRNT1696	MMPRNT1697	MMPRNT1698	MMPRNT1699	MMPRNT1700	MMPRNT1701	MMPRNT1702	MMPRNT1703	MMPRNT1704	MMPRNT1753	MMPRNT1754	MMPRNT1755	MMPRNT1756	MMPRNT1757	MMPRNT1758	MMPRNT1759	MMPRNT1760	MMPRNT1761	MMPRNT1762	MMPRNT1763	MMPRNT1764	MMPRNT1765	MMPRNT1766	MMPRNT1767	MMPRNT1768	MMPRNT1769	MMPRNT1770	MMPRNT1771	MMPRNT1772	MMPRNT1773	MMPRNT1774	MMPRNT1775	MMPRNT1776	MMPRNTCtrl7BB5
Zotu7339	571	0	2394	3	0	0	148	1	0	0	0	721	250	261	360	27	0	875	0	0	204	0	0	0	0	0	0	0	0	0	0	0	0	0	0	0	0	0	0	0	0	0	0	0	0	0	0	33	0	0	49	0	0	0	0	0	0	0	0	0	0	0	0	0	0	0	0	0	0	0	0	3	0	0	0	0	0	0	0	0	0	0	0	0	0	0	0	0	0	0	176	35	36	0	1707	0	0	0	3	320	0	0	0	0	0	0	272	337	4851	1	0	0	0
Zotu8020	466	544	166	600	1822	790	770	715	1012	1075	593	463	47	22	2	0	132	0	82	1683	1130	1454	223	124	0	0	0	0	0	0	0	0	0	0	0	0	0	0	0	0	0	0	0	0	0	0	0	0	0	0	0	0	0	55	1679	434	116	259	0	57	0	0	0	102	0	0	0	0	0	0	0	1	8	2	7	9	1	1	0	0	0	0	0	1	0	0	0	1	0	0	0	0	0	0	0	0	0	0	0	0	0	0	0	0	0	0	0	0	0	0	0	0	38
Zotu9300	588	0	0	333	11	0	24	51	0	0	0	0	0	0	550	34	0	0	0	2722	88	147	120	0	0	0	0	0	0	0	0	0	0	0	0	0	0	0	0	0	0	0	0	0	0	0	0	0	0	0	0	0	0	0	0	0	0	0	0	0	0	0	0	0	0	0	0	0	0	0	0	0	0	0	0	0	0	0	0	0	0	0	0	0	0	0	0	0	0	0	0	0	0	0	0	0	0	0	0	0	0	0	0	0	0	0	0	0	0	0	0	0	0
Zotu11890	1711	464	1088	280	375	230	874	76	479	209	265	0	1347	85	1237	467	196	190	0	738	0	0	0	119	1	0	1	0	0	0	0	0	0	0	0	0	0	0	0	5	0	1	0	4	0	1	2	0	0	0	0	0	0	0	14	1	0	1	1	2	2	2	0	1	0	0	0	0	0	0	0	0	0	0	0	0	0	0	0	0	0	0	0	0	0	0	0	0	0	0	0	0	0	0	0	0	2	2	0	0	0	0	0	3	5	1	0	0	0	2	0	0	8
Zotu926	982	159	1971	277	1	1016	0	0	0	0	161	4	0	0	1	0	0	0	0	0	0	0	0	0	1318	49	1691	5406	1193	1615	50	2908	7517	1208	854	1101	897	205	1533	3023	4157	2900	6506	2466	27	88	430	3761	1232	747	4838	13	1361	1	10	3474	22	6	0	0	0	1	0	0	1263	4458	549	3275	4139	3526	0	0	0	0	0	0	0	0	0	0	0	0	0	0	0	0	0	1	154	2278	3560	265	1950	1913	637	1995	2885	913	187	208	2093	1106	4481	1697	573	92	2379	2006	293	277	3392	3242	0
Zotu7124	49	215	84	30	1	2	1	3	2	1	2	2	335	18	7	10	4	8	0	7	8	13	5	3	1	0	0	0	67	15	0	5	2	0	0	96	0	3	1	4	0	1	0	0	101	0	1	12	23	10	0	333	54	1	1	3	3	0	2	84	1	1	2	12	2	0	1	1	0	3	1	6	1	10	5	10	11	13	7	14	99	5	3	8	5	3	3	4	0	0	0	0	0	0	0	0	0	0	0	0	0	0	390	0	0	0	9	633	1	0	0	1	0
Zotu7095	146	0	0	53	0	0	0	0	0	0	0	0	0	0	0	0	0	0	0	0	0	0	0	0	5	0	0	0	0	0	0	0	0	0	0	0	0	0	0	0	0	0	0	0	0	0	0	0	0	0	0	0	0	0	1	0	0	0	0	0	0	0	0	0	0	0	0	0	0	0	0	0	0	12	0	0	0	0	0	0	0	0	0	0	0	0	0	0	0	0	0	0	0	0	0	0	0	0	0	0	0	0	0	0	0	0	0	0	0	0	0	0	0
Zotu9990	59	1058	223	182	107	26	149	436	547	735	255	2763	2	622	2174	672	0	936	0	50	675	401	135	839	2023	0	0	0	5782	0	0	0	8483	3588	0	61	0	13	114	125	90	0	0	0	0	27	0	959	3701	5533	126	2255	589	63	617	306	0	207	4129	3333	0	0	0	0	15	7	5	6	2	0	21	27	1	37	20	24	280	45	100	20	50	363	4	1	24	102	14	37	0	0	6	81	0	0	0	0	59	0	0	209	0	0	0	0	0	0	41	0	43	0	0	1	111
Zotu95	45	4	0	213	6	111	1	37	260	0	0	175	297	172	0	0	691	1	93	0	339	2821	0	991	0	0	0	0	0	0	0	0	0	0	0	0	0	0	0	0	0	0	0	0	0	0	0	0	0	0	0	0	0	0	0	0	0	0	0	0	0	0	0	0	0	0	0	0	0	0	0	0	0	0	0	0	0	0	0	0	0	0	0	0	0	0	0	0	0	0	0	0	0	0	0	0	0	0	0	0	0	0	0	0	0	0	0	0	0	0	0	0	0
Zotu8608	193	165	221	190	67	0	0	30	0	1046	0	1121	0	0	0	0	130	0	0	0	0	0	0	0	0	0	0	0	0	0	0	0	0	1	0	0	0	0	0	0	0	0	0	0	0	0	0	16	0	0	6	0	225	0	8	8	24	5	0	0	0	0	0	0	0	0	0	0	0	0	0	0	0	0	0	0	0	0	0	329	157	530	2	113	30	77	0	0	0	0	0	0	0	0	0	0	0	0	0	0	0	0	0	0	0	0	0	0	0	0	0	0	0
Zotu8049	73	217	1311	29	228	1	0	1	0	0	0	0	0	0	1	0	0	0	0	0	0	0	0	0	0	0	0	0	0	0	0	0	0	0	0	0	0	0	0	0	0	0	0	0	0	0	0	0	0	0	0	0	0	124	3	44	3872	545	465	0	0	0	0	0	0	0	1	0	0	0	0	0	1	0	1	0	0	0	0	0	0	0	0	0	0	0	0	0	0	0	0	0	0	0	0	0	0	0	0	0	0	0	0	0	0	0	0	0	0	0	0	0	1069
Zotu6454	126	0	0	23	1178	899	33	20	125	4770	1710	2399	2047	0	771	4	362	296	7971	2294	468	2632	125	90	1329	0	564	849	428	2091	0	668	94	123	164	139	448	22	415	260	102	129	138	95	7	52	152	94	310	394	709	506	68	377	24	25	0	491	5220	560	1	0	202	658	1125	346	256	647	681	1015	0	9	0	0	0	0	0	0	0	43	4	1	1	1	0	0	2	0	2710	3526	1249	225	622	697	806	1185	2053	773	2368	795	179	617	185	653	2973	583	1020	657	326	1174	2229	2102	79
Zotu9657	98	0	1519	1	0	60	0	0	0	0	0	0	215	0	1	0	0	3	0	0	0	0	0	0	0	0	0	0	0	0	0	0	0	0	0	0	0	0	0	0	0	0	0	0	0	0	0	0	0	0	0	0	0	0	0	0	0	0	0	0	0	0	0	0	0	0	0	0	0	0	0	0	0	0	0	0	0	0	0	293	0	0	0	0	0	0	1	0	0	0	0	0	0	0	0	0	0	0	0	0	0	0	0	0	0	0	0	48	38	0	0	0	17
Zotu8554	1	1	20	316	0	0	1	4	0	0	1	7	0	4	9	0	13	54	0	1	0	0	289	0	1	0	0	0	0	0	0	0	1	1	0	0	0	0	0	0	63	0	0	0	280	59	18	0	0	3	0	1	558	8	24	152	11	35	4	6	0	0	0	0	9	89	2	25	162	109	100	45	228	281	105	356	111	295	272	259	176	89	297	216	439	63	208	66	0	0	0	0	0	161	0	0	0	0	0	1	2	0	0	0	0	0	0	225	801	0	0	13	22
Zotu7693	82	473	826	61	433	9	23	48	120	527	0	330	848	0	0	0	0	0	68	0	0	0	0	35	0	0	0	0	0	0	0	0	0	0	0	0	0	0	0	0	0	1	0	0	0	0	0	0	0	0	0	0	0	0	855	0	0	114	0	0	0	0	0	0	0	0	0	0	0	0	0	0	0	0	0	0	0	0	0	0	0	0	0	0	0	0	0	0	0	0	0	0	0	0	0	0	237	0	0	0	0	1	0	1	0	0	0	0	78	1	391	60	0
Zotu9266	9	0	292	14	13	1	0	0	0	0	0	0	10	0	1	0	2	0	0	0	0	0	0	1	2	0	0	0	7	1	1	3	3	0	0	8	0	1	0	0	0	0	0	0	0	0	0	0	0	0	0	0	0	0	0	0	0	0	0	0	0	0	0	0	1	0	0	2	4	1	1	1	0	0	1	0	0	0	0	0	3	1	1	0	1	0	0	0	0	0	0	0	0	0	0	0	0	0	0	0	0	0	0	0	0	0	0	0	0	0	0	0	0
Zotu9818	46	0	0	0	0	0	0	0	0	0	0	0	0	0	0	0	0	0	0	0	0	0	0	0	0	0	0	0	0	0	0	0	0	0	0	44	0	0	0	0	0	0	10	0	4	0	0	0	0	0	20	0	0	0	0	0	0	26	0	0	0	0	0	0	0	0	0	0	0	0	4	6	9	0	0	0	0	0	11	0	5	0	0	0	0	0	0	0	0	0	0	0	0	0	0	0	0	0	0	0	0	0	0	0	0	0	0	0	0	0	0	0	0
Zotu7494	69	367	191	23	160	0	0	0	0	0	0	0	0	29	0	0	0	0	0	0	28	5	23	13	0	0	0	0	0	0	0	0	0	0	0	0	0	0	0	33	17	0	0	0	0	0	0	0	0	0	7	0	0	0	0	0	0	3	0	0	0	0	0	0	0	0	0	0	0	0	42	1	5	10	6	0	0	0	0	0	0	4	0	20	0	0	0	0	0	0	0	0	0	0	0	0	0	0	0	0	0	0	0	0	0	0	0	0	0	0	0	0	0
Zotu9058	10	0	0	0	93	0	0	0	0	0	2034	93	102	0	0	0	384	0	197	1177	653	249	28	0	0	0	0	0	0	0	0	0	0	0	0	0	0	0	0	0	0	0	0	0	0	0	0	0	0	0	0	0	0	0	0	0	0	0	0	0	0	0	0	0	0	0	0	0	0	0	0	0	0	0	0	0	0	0	0	0	0	0	0	0	0	0	0	0	0	0	0	0	0	0	0	0	0	0	0	0	0	0	0	0	0	0	0	0	0	0	0	0	0
Zotu699	26	277	0	351	1	45	0	0	0	26	1161	3040	1024	1	0	0	0	16	1454	2	29	199	0	3	1	0	1	0	0	0	2	350	0	34	1	12	10	10	22	162	4	238	0	0	0	0	0	0	16	0	0	0	0	0	0	1	2	12	42	26	0	3	0	2	25	65	4	81	59	17	2	2	4	59	16	0	24	1	165	434	216	289	0	0	0	24	272	10	551	26	60	0	0	2	81	0	30	112	0	679	0	1	0	30	0	85	0	11	2	3311	905	0	0
Zotu6781	38	0	0	0	0	0	0	0	0	85	0	0	0	0	0	0	0	0	0	0	7	0	0	0	0	0	0	0	0	0	0	0	0	0	0	0	0	0	0	0	0	0	0	0	0	0	0	0	0	0	0	0	0	0	0	0	0	0	0	0	0	0	0	0	0	0	0	0	0	0	0	0	0	0	0	0	0	0	0	0	0	0	0	0	0	0	0	0	0	0	0	0	0	0	0	0	0	0	0	0	0	0	0	0	0	0	0	0	0	0	0	0	0
Zotu9886	3	5	4	5	352	1	102	0	71	0	3	0	259	2	4	5	1	4	2	4	3	4	5	15	0	18	0	0	3	6	28	3	0	10	2	11	9	3	10	9	0	1	3	0	2	0	0	615	4	280	635	138	419	5	2	352	680	819	5	3	7	74	3	3	36	33	19	11	28	22	20	27	40	50	34	61	43	38	35	16	31	11	7	12	16	16	39	29	0	3	0	0	0	0	0	2	3	3	0	0	2	1	1	0	0	0	1	2	0	0	1	0	2
Zotu9866	2	0	0	0	0	0	0	0	0	0	0	0	0	0	0	0	0	0	0	1	0	0	0	0	0	0	0	0	0	0	0	0	0	0	0	159	0	0	0	1	0	0	57	0	0	0	9	0	0	0	0	0	0	0	0	0	0	0	0	0	0	0	0	0	0	0	0	0	0	0	0	0	0	0	0	0	0	0	0	0	0	0	0	0	0	0	0	0	388	0	1	0	5	4	2	190	59	0	0	0	246	0	600	0	2	0	0	0	0	0	8	0	0
Zotu8256	5	4	1	2	3	3	4	1	1	3	2	5	3	3	1	3	1	5	2	14	2	11	3	8	0	0	0	0	0	0	0	0	0	0	0	0	0	0	0	0	0	6	0	0	118	0	0	1	3	1	3	76	1	0	0	1	2	0	1	2	1	4	0	0	1	3	0	1	0	1	0	0	0	0	0	0	0	0	2	8	1	4	3	10	6	1	7	10	0	0	0	4	0	999	0	0	87	70	0	0	0	0	0	466	0	0	6	0	39	0	0	0	0
Zotu7290	1	0	1	0	1	0	0	0	0	1	1	0	0	0	0	0	0	0	0	0	0	0	0	1	0	0	0	0	0	0	1	0	0	0	1	1	0	0	0	0	0	0	0	0	0	1	0	0	0	0	0	0	0	0	104	0	0	0	2	0	0	0	0	4	3	1	0	0	1	2	0	2	0	0	0	0	1	0	0	1	1	0	0	0	0	0	0	0	0	0	0	0	0	0	0	0	0	0	0	0	1	0	0	0	0	0	0	0	0	0	0	0	2
Zotu8129	2	0	0	1	1	1	1	0	0	0	0	1	0	0	1	0	1	0	0	0	0	0	1	0	0	1	0	0	0	2	0	0	0	0	0	0	0	1	0	9	0	3	2	2	1	1	1	0	1	0	0	0	0	0	0	0	0	0	0	1	0	4	1	7	0	1	0	0	0	0	0	0	0	0	0	0	0	0	0	0	0	0	0	0	1	0	0	0	1	0	97	0	3	0	0	0	5	0	7	136	1	7	0	1	1	1	2	1	0	0	1	1	0
Zotu5979	2	3	0	1	3	2	3	0	1	1	1	4	2	0	1	0	0	0	2	0	0	2	0	1	2	1	2	128	10	5	0	0	0	0	0	0	0	0	0	1	0	0	76	6	4	0	0	0	1	0	2	0	0	0	0	2	0	0	5	3	0	17	0	14	4	5	1	185	189	0	0	92	1	0	0	0	0	0	3	0	1	0	529	1	3	0	0	1	1	0	262	0	0	0	1	0	0	0	0	0	0	143	0	0	0	0	0	1	0	461	0	0	2
Zotu7351	1	6	5	0	0	2	2	18	5	366	0	0	0	0	3	84	0	2	0	0	0	0	0	0	4	6	48	4	2	4	9	2	22	23	138	1	17	4	50	30	7	11	2	1	0	1	1	102	17	34	68	48	11	11	9	33	17	18	38	50	25	41	8	63	4	4	0	11	16	0	0	1	0	0	0	0	0	0	0	9	2	16	11	16	1	3	12	4	0	3	14	0	1	7	3	1	0	5	2	1	3	2	12	9	0	3	1	6	18	2	5	1	23
Zotu8265	0	1	0	0	0	3	1	0	3	2	3	3	8	0	1	1	0	5	0	0	0	0	0	0	2	0	1	1	0	2	9	6	2	0	1	6	4	0	3	4	5	2	0	29	4	0	0	1	0	0	0	0	0	0	0	0	0	0	1	0	0	0	0	2	20	7	5	2	12	3	2	0	0	1	1	1	1	0	0	2	0	2	0	0	2	0	1	1	11	12	13	1	4	9	9	1	6	11	10	2	2	21	9	9	21	4	2	0	0	11	16	5	0
Zotu7003	0	92	116	0	0	0	0	0	0	0	0	0	0	0	0	0	0	0	0	0	0	23	0	0	0	0	0	0	0	0	0	125	1	0	0	5	0	0	4	32	0	118	0	0	0	7	0	0	0	0	0	0	0	0	0	0	0	0	19	6	0	0	0	0	0	9	0	0	0	4	0	0	0	0	0	0	0	0	0	21	1	0	0	0	0	0	0	0	0	0	0	0	0	0	5	0	0	7	0	81	0	24	0	0	0	1	0	0	0	7	0	0	0
Zotu63	0	56	139	0	41	550	0	0	7	0	0	0	209	0	0	0	0	0	251	0	193	209	64	17	0	0	0	0	0	0	0	0	0	0	0	0	0	0	0	0	4	0	0	506	0	0	50	0	0	0	0	0	0	0	0	0	0	0	0	0	0	0	0	0	9	25	15	81	22	55	8	28	23	2	68	21	151	7	8	29	0	55	6	3	69	0	40	18	0	0	0	0	138	0	0	72	0	0	0	0	101	0	0	3791	49	52	0	1	117	0	0	400	0
Zotu9979	0	14	46	0	34	0	0	2	0	0	0	0	0	28	0	40	100	0	0	0	111	36	0	103	0	0	0	0	0	0	0	0	0	0	0	0	0	0	0	0	0	0	0	0	0	0	0	0	0	0	0	0	0	0	0	0	0	0	0	0	0	0	0	0	0	0	0	0	0	0	0	0	0	0	0	0	0	0	0	0	0	0	0	0	0	0	0	0	0	0	0	0	0	0	0	0	0	0	0	0	0	0	0	0	0	0	0	0	0	0	0	0	0
Zotu8271	0	9	3	0	1	0	0	0	8	2	17	5	4	0	2	3	0	1	0	0	0	0	8	0	0	0	0	0	0	0	0	3	0	1	0	1	0	0	0	0	1	0	0	2	0	0	0	0	0	0	0	0	0	0	0	0	0	0	0	0	0	0	0	0	1	1	0	0	3	1	0	5	3	0	1	0	0	0	1	0	0	0	0	0	0	0	0	0	0	2	1	0	41	0	51	18	107	2	1	1	0	0	39	0	0	1	1	0	0	0	0	3	0
Zotu8846	0	0	906	39	0	0	0	0	0	0	0	0	0	0	2	0	0	0	0	0	0	0	0	0	0	0	0	0	0	0	0	0	0	0	0	0	0	0	0	0	0	0	0	0	0	0	0	0	0	0	0	0	0	0	0	0	0	0	0	0	0	0	0	0	0	0	0	0	0	0	0	0	0	0	0	0	0	0	0	0	0	0	0	0	0	0	0	0	0	0	0	0	0	0	0	0	0	0	0	0	0	0	0	0	0	0	0	0	0	0	0	0	0
Zotu939	0	0	67	9	8	432	16	54	74	0	0	0	0	19	0	96	0	1	0	1	0	0	0	0	379	265	72	424	255	641	504	99	136	87	2	213	2	7	10	148	10	78	72	0	0	15	67	76	155	124	6	24	77	0	0	92	0	49	117	232	0	0	0	1	207	34	97	173	233	228	71	187	195	196	223	83	64	42	22	567	290	123	330	588	166	192	255	168	0	0	0	0	0	0	0	8	0	6	0	0	0	5	0	1	0	0	0	0	0	0	0	0	0
Zotu6392	0	0	1	400	0	0	0	0	0	0	0	0	0	0	0	0	0	0	0	0	0	0	0	0	0	0	35	0	1	0	0	61	0	1717	1743	54	858	0	433	397	0	0	1385	12	0	0	267	1	3	4	34	16	0	0	0	0	1	0	1	1	140	12	0	0	0	1	0	0	1	0	0	0	0	0	0	0	0	0	0	0	0	0	1	0	1	0	0	0	0	0	431	0	6	0	11	694	0	4336	0	1	628	109	150	23	6	13	0	166	100	0	3	0	0
Zotu7109	0	0	0	9	9	312	10002	1881	5385	0	33	0	0	0	0	0	515	3087	0	1750	4219	0	0	40	0	0	0	0	0	0	0	0	0	0	0	0	0	0	0	0	0	0	0	0	0	0	0	0	0	0	0	0	0	0	1460	2230	3192	0	0	0	0	0	0	0	0	0	0	1	3	0	0	0	0	0	0	0	0	0	0	0	0	0	0	0	0	0	0	0	0	0	0	0	0	0	0	0	0	0	0	0	0	0	0	0	0	0	0	0	0	0	0	0	0
Zotu5880	0	0	0	0	52	0	0	0	0	0	0	0	0	0	0	0	0	0	0	0	0	0	0	0	0	0	0	0	0	0	0	0	0	0	0	0	0	0	0	0	0	0	0	0	0	0	0	0	0	0	0	0	0	0	0	0	0	0	0	0	0	0	0	0	0	0	0	0	8	0	0	0	0	0	0	0	0	0	0	0	0	0	0	0	0	0	0	0	0	0	0	0	0	0	0	0	0	0	0	0	0	0	0	0	0	0	0	0	0	0	300	0	0
Zotu9920	0	0	0	0	3	4	0	0	0	9	31	9	26	0	0	0	4	0	89	21	6	12	17	0	0	0	0	0	3	0	0	0	0	0	22	18	0	6	0	6	16	11	1	0	0	2	0	0	0	0	0	0	0	0	0	0	0	0	0	0	0	0	0	0	0	0	0	0	0	0	0	0	0	0	0	0	0	0	0	0	0	0	0	0	0	0	0	0	0	0	0	0	1	0	0	0	0	0	0	0	0	0	0	0	0	0	0	0	0	0	0	0	0
Zotu9282	0	0	0	0	3	6	3	0	0	1	1	0	0	0	0	1	2	1	11	3	3	16	5	0	6	0	7	128	2	14	0	2	0	0	51	0	3	1	9	2	0	3	38	0	0	0	0	0	1	0	77	2	1	6	14	0	0	65	47	136	0	0	0	6	18	4	0	36	23	9	0	0	0	0	0	0	0	0	0	1	0	0	0	0	0	0	0	0	319	240	48	0	117	488	0	174	105	0	117	2	0	1	88	132	683	153	1	2	0	0	2	3	5
Zotu9322	0	0	0	0	0	510	0	0	0	0	0	0	0	0	0	0	0	0	0	0	0	0	0	0	0	0	1	0	0	0	0	0	0	0	0	0	0	0	0	0	0	0	0	0	0	0	0	0	0	0	0	0	0	0	0	0	0	0	0	0	0	0	0	0	0	0	0	187	607	0	0	0	0	0	0	0	0	0	0	0	0	0	0	0	0	0	0	0	0	0	0	0	0	0	0	0	0	0	0	0	0	0	0	0	0	0	0	0	0	0	0	0	0
Zotu873	0	0	0	0	0	11	0	2	0	4	41	5	1	2	0	0	0	0	2	8	2	0	0	1	1	1	1	0	0	1	0	2	0	0	4	0	3	0	3	4	1	4	1	0	0	0	2	0	0	0	0	1	0	0	0	0	0	0	3	2	0	0	0	5	0	0	0	0	0	0	0	1	1	0	0	0	8	174	0	0	0	0	0	0	0	0	0	0	7	1	12	1	220	65	4	1	0	90	0	5	1	0	0	0	3	10	96	135	71	710	708	43	0
Zotu10049	0	0	0	0	0	0	197	0	0	0	0	0	0	0	0	0	0	0	0	0	0	0	0	0	0	0	0	0	0	0	0	0	0	0	0	0	0	0	0	0	0	0	0	0	0	0	0	0	0	0	1	0	0	0	0	0	0	0	0	0	0	0	0	0	0	0	0	0	0	0	0	0	0	0	0	0	0	0	0	0	0	0	0	0	0	0	0	0	0	0	0	0	0	0	0	0	0	0	0	0	0	0	0	0	0	0	0	0	0	0	0	0	0
Zotu9987	0	0	0	0	0	0	87	1	266	0	0	0	0	0	0	34	0	0	0	0	0	0	0	0	0	0	0	0	0	0	0	0	1	0	0	0	0	0	0	0	0	0	0	0	0	0	0	0	0	0	0	0	0	0	0	0	0	0	0	0	0	0	0	0	0	0	0	0	0	0	0	0	0	0	0	0	0	0	0	0	0	0	0	0	0	0	0	0	0	0	0	0	0	0	0	0	0	0	0	0	0	0	0	0	0	0	0	0	0	0	0	0	0
Zotu9607	0	0	0	0	0	0	0	179	0	0	0	0	0	0	0	5273	0	0	0	0	0	0	0	0	0	0	0	0	0	0	0	0	0	0	0	0	0	0	0	0	0	0	0	0	0	0	0	0	0	0	0	0	0	0	0	0	0	0	0	0	0	0	0	0	0	0	0	0	0	0	0	0	0	0	0	0	0	0	0	0	0	0	0	0	0	0	0	0	0	0	0	0	0	0	0	0	0	0	0	0	0	0	0	0	0	0	0	0	0	0	0	0	0
Zotu10263	0	0	0	0	0	0	0	73	0	0	0	0	0	0	0	0	0	0	0	0	0	0	0	0	0	0	0	0	0	0	0	0	0	0	0	0	0	0	0	0	38	0	0	0	0	0	0	0	0	0	0	0	0	0	0	0	0	0	0	0	29	0	0	0	0	0	0	19	0	0	0	0	0	0	0	0	0	0	0	0	0	125	0	0	0	10	0	0	0	0	0	0	0	0	0	0	0	0	0	0	0	0	0	0	0	0	0	0	0	0	0	0	0
Zotu5186	0	0	0	0	0	0	0	2	107	0	0	0	0	0	0	73	0	46	0	0	0	0	0	0	664	0	455	834	198	0	0	0	0	34	675	1	6	186	14	32	70	120	270	3	69	31	14	21	3	0	0	18	81	19	0	22	0	15	3	0	9	0	3	0	0	0	0	0	0	0	0	0	0	0	0	0	0	0	0	0	0	0	0	0	0	0	0	0	511	235	150	17	0	533	0	2	0	0	0	12	0	0	98	0	0	2	99	95	12	0	96	0	0
Zotu9100	0	0	0	0	0	0	0	0	0	0	2956	0	1352	0	0	0	2280	0	1290	0	0	3254	248	42	0	0	0	0	0	0	0	0	0	0	0	0	0	0	0	0	0	0	0	0	0	0	0	0	0	0	0	0	0	0	0	0	0	0	0	0	0	0	0	0	0	0	0	0	0	0	0	1	0	0	0	0	0	0	0	0	0	0	0	0	0	0	0	0	0	0	0	0	0	0	0	0	0	0	0	0	0	0	0	0	0	0	0	0	0	0	0	0	0
Zotu5313	0	0	0	0	0	0	0	0	0	0	1	0	0	0	0	0	117	0	0	0	0	0	0	0	0	0	0	0	0	0	0	0	0	0	0	0	0	0	0	0	0	0	0	0	0	0	0	0	0	0	0	0	0	0	0	0	0	0	0	0	0	0	0	0	0	0	0	0	0	0	0	0	0	0	0	0	0	0	0	0	0	0	0	0	0	0	0	0	0	0	0	0	0	0	0	0	0	0	0	0	0	0	0	0	0	0	0	0	0	0	0	0	0
Zotu9356	0	0	0	0	0	0	0	0	0	0	0	1	0	0	0	0	414	1	22	1	0	0	0	0	0	0	0	0	0	0	0	0	0	0	0	0	0	0	0	0	0	0	0	1	0	0	0	0	0	0	0	0	0	0	0	0	0	0	0	0	0	0	0	0	1	0	0	0	0	0	0	0	0	0	0	0	0	0	0	0	0	0	0	0	0	0	0	0	0	0	0	0	0	0	0	0	0	0	0	0	0	0	0	0	0	0	0	0	0	0	0	0	0
Zotu5785	0	0	0	0	0	0	0	0	0	0	0	0	96	0	0	0	0	0	0	0	0	0	0	0	0	0	0	0	0	0	0	0	0	0	0	0	0	0	0	0	0	0	0	0	0	0	0	0	0	0	0	0	0	0	0	0	0	0	0	0	0	0	0	0	0	0	0	0	0	0	0	0	0	0	0	0	0	0	0	0	0	0	0	0	0	0	0	0	0	0	0	0	0	0	0	0	0	0	0	0	0	0	0	0	0	0	0	0	0	0	0	0	0
Zotu8216	0	0	0	0	0	0	0	0	0	0	0	0	0	20	0	0	0	0	0	0	0	0	0	0	0	0	0	0	0	0	0	0	0	0	0	1	0	0	0	0	0	0	0	0	0	0	0	0	0	0	0	0	0	0	0	0	0	0	0	0	0	0	0	0	0	0	0	0	1	0	0	1	0	0	0	0	0	0	0	0	0	0	0	0	0	0	0	0	0	290	0	0	0	0	0	0	0	0	0	0	0	0	0	0	1	0	0	0	0	0	0	0	0
Zotu8523	0	0	0	0	0	0	0	0	0	0	0	0	0	1	0	0	0	0	0	0	116	0	9	0	0	0	0	0	0	0	0	0	0	0	0	0	0	0	0	0	0	0	0	0	0	0	0	0	0	0	0	0	0	0	0	0	0	0	0	0	0	0	0	0	0	0	0	0	0	0	0	0	0	0	0	0	0	0	0	0	0	0	0	0	0	0	0	0	0	0	0	0	0	0	0	0	0	0	0	0	0	0	0	0	0	0	0	0	0	0	0	0	0
Zotu897	0	0	0	0	0	0	0	0	0	0	0	0	0	0	1	0	0	0	0	0	0	0	0	0	0	14	0	0	0	0	8	29	1	2760	63	0	2	0	14	251	0	7	0	0	0	0	0	0	0	0	0	0	0	0	0	0	0	0	0	0	0	0	0	0	0	0	0	0	0	0	0	0	0	0	0	0	0	0	0	0	0	0	0	0	0	0	0	0	0	0	0	0	0	0	0	0	0	0	0	0	0	0	0	0	0	0	0	0	0	0	0	0	0
Zotu7625	0	0	0	0	0	0	0	0	0	0	0	0	0	0	8	0	7	1	0	0	215	0	5	0	0	0	0	0	0	0	0	0	0	0	5	0	0	0	2	0	0	0	0	0	0	0	0	0	0	0	0	0	0	0	0	0	0	0	0	0	0	0	0	0	0	0	0	0	0	0	0	0	0	0	0	0	0	0	0	0	3	0	0	0	0	0	0	0	0	0	0	0	0	0	0	1	0	0	0	0	0	0	0	0	0	0	0	0	0	0	0	0	0
Zotu7771	0	0	0	0	0	0	0	0	0	0	0	0	0	0	0	1	0	0	0	0	0	0	0	0	0	4	0	0	0	0	1	0	34	0	0	0	0	0	0	0	0	0	0	0	0	0	0	5	0	0	1	0	0	0	0	0	0	0	35	0	76	7	80	0	0	0	0	0	0	0	0	0	0	0	0	0	0	0	0	0	0	0	0	0	0	0	0	0	185	221	6	12	0	0	4	9	0	4	67	28	0	0	278	144	0	0	0	0	2	353	0	0	2
Zotu8526	0	0	0	0	0	0	0	0	0	0	0	0	0	0	0	1	0	0	0	0	0	0	0	0	0	0	0	0	0	0	0	0	0	0	0	0	0	0	0	0	0	0	0	0	0	0	0	0	0	0	105	0	0	0	0	0	0	0	0	0	0	0	0	0	0	0	0	0	0	0	0	0	0	0	0	0	0	0	0	0	0	0	7	0	0	0	0	0	0	0	0	0	0	0	0	0	0	0	0	0	0	0	0	1	0	0	0	0	0	0	0	0	0
Zotu9611	0	0	0	0	0	0	0	0	0	0	0	0	0	0	0	0	1	0	0	0	1	0	0	0	0	0	0	0	0	0	0	0	0	0	1	0	0	0	0	0	0	0	0	0	0	0	0	0	0	0	0	0	0	0	0	0	0	0	0	0	0	0	0	0	0	0	0	0	0	0	0	0	0	0	0	0	0	0	0	0	0	0	0	0	0	0	0	0	0	0	0	0	2	0	23	0	1	0	0	0	0	8	0	10	0	1	0	1	1	1	15	1	0
Zotu945	0	0	0	0	0	0	0	0	0	0	0	0	0	0	0	0	1	0	0	0	0	0	1	0	0	0	0	0	0	0	0	0	0	0	0	0	0	0	0	0	0	0	0	0	0	0	0	0	0	0	0	0	0	0	0	0	0	0	0	0	0	0	0	0	0	0	0	0	0	0	0	0	0	0	0	0	0	0	0	0	0	0	1	0	0	0	0	0	0	0	0	0	0	0	0	0	0	0	0	0	0	0	0	0	0	0	0	0	0	0	449	0	0
Zotu11324	0	0	0	0	0	0	0	0	0	0	0	0	0	0	0	0	0	0	40	0	0	0	0	0	0	0	0	0	0	0	0	0	0	0	0	0	0	0	0	0	0	0	0	0	0	0	0	0	0	0	0	0	0	0	0	0	0	0	0	0	0	0	0	0	0	0	0	0	0	0	0	0	0	0	0	0	0	0	0	0	0	0	0	0	0	0	0	0	0	0	0	0	0	0	0	0	0	0	0	0	0	0	0	0	0	0	0	0	0	0	0	0	0
Zotu8192	0	0	0	0	0	0	0	0	0	0	0	0	0	0	0	0	0	0	0	1	0	0	0	0	0	0	0	0	0	0	0	0	0	0	47	187	0	0	0	0	0	0	159	0	0	0	0	0	0	0	0	0	0	0	0	0	0	0	0	1	0	0	0	0	0	0	0	0	0	0	0	0	0	0	0	0	1	0	0	0	0	0	0	0	0	0	0	0	0	0	0	0	0	0	0	0	0	0	0	0	0	0	0	0	0	0	0	1	1	142	101	0	0
Zotu5593	0	0	0	0	0	0	0	0	0	0	0	0	0	0	0	0	0	0	0	0	273	0	0	0	0	0	0	0	0	0	0	0	0	0	0	0	0	0	0	0	0	0	0	0	0	0	1	0	0	0	0	0	0	0	0	0	0	0	0	0	0	0	0	0	0	0	0	0	0	0	0	0	0	0	0	0	0	0	0	0	0	0	0	0	0	0	0	0	0	0	0	0	0	0	0	0	0	0	0	0	0	0	0	0	0	0	0	0	0	0	0	0	0
Zotu9357	0	0	0	0	0	0	0	0	0	0	0	0	0	0	0	0	0	0	0	0	0	0	0	0	3	0	87	125	0	0	0	0	0	0	3	0	10	0	23	29	1	23	448	0	0	0	1	0	0	0	0	0	0	0	0	0	0	0	0	0	0	0	0	0	0	0	0	0	0	0	0	0	0	0	0	0	0	0	0	0	0	0	0	0	0	0	0	0	1	0	1	0	0	0	0	0	0	5	1	1	0	4	0	1	0	0	0	0	0	0	0	0	0
Zotu11091	0	0	0	0	0	0	0	0	0	0	0	0	0	0	0	0	0	0	0	0	0	0	0	0	1	89	0	0	0	0	41	0	0	0	0	1	0	0	0	0	0	0	1	0	0	0	0	0	0	0	0	0	0	0	0	0	0	0	0	0	0	0	0	0	0	0	0	0	0	0	0	0	0	0	0	0	0	0	0	0	0	0	0	0	0	0	0	0	0	0	0	0	0	0	0	0	0	0	0	0	0	0	0	0	0	0	0	0	0	0	0	0	0
Zotu11164	0	0	0	0	0	0	0	0	0	0	0	0	0	0	0	0	0	0	0	0	0	0	0	0	0	31	0	4	0	0	0	0	0	0	0	0	0	0	1	0	0	0	0	0	7	0	0	0	0	0	0	0	0	0	0	0	0	0	0	0	0	0	0	0	0	0	0	0	1	0	0	0	0	0	0	0	0	0	0	0	0	0	0	0	0	0	0	0	0	0	0	0	0	0	0	0	0	0	0	0	0	0	0	0	0	0	0	0	0	0	0	0	0
Zotu6429	0	0	0	0	0	0	0	0	0	0	0	0	0	0	0	0	0	0	0	0	0	0	0	0	0	0	0	22	0	0	0	1	0	0	0	0	0	0	0	8	0	2	0	103	0	17	2	0	0	0	0	0	0	0	0	0	0	0	0	0	0	0	0	2	0	0	0	0	0	0	0	0	0	0	0	0	0	0	0	0	0	0	0	0	0	0	0	0	0	0	0	0	0	0	0	0	0	0	0	0	0	0	0	0	0	0	0	0	0	0	0	0	0
Zotu11166	0	0	0	0	0	0	0	0	0	0	0	0	0	0	0	0	0	0	0	0	0	0	0	0	0	0	0	33	0	0	0	0	0	0	0	0	0	0	0	0	0	0	0	0	0	0	0	0	0	0	0	0	0	0	0	0	0	0	0	0	0	0	0	1	0	0	0	0	0	0	0	0	0	0	0	0	0	0	0	0	0	0	0	0	0	0	0	0	0	0	0	0	0	0	0	0	0	0	0	0	0	0	0	0	0	0	0	0	0	0	0	0	0
Zotu9262	0	0	0	0	0	0	0	0	0	0	0	0	0	0	0	0	0	0	0	0	0	0	0	0	0	0	0	14	0	2	0	0	0	0	0	0	2	0	0	0	8	0	0	160	0	0	0	0	0	0	0	0	0	0	0	0	0	0	0	0	0	0	0	0	0	0	0	0	0	0	0	0	0	0	0	0	0	0	0	0	0	0	0	0	0	0	0	0	0	0	0	0	34	0	0	0	0	0	0	0	0	0	0	0	0	0	0	0	0	0	0	0	0
Zotu10503	0	0	0	0	0	0	0	0	0	0	0	0	0	0	0	0	0	0	0	0	0	0	0	0	0	0	0	0	2	0	0	0	0	0	0	0	0	0	0	0	0	0	0	47	0	0	0	0	0	0	0	0	0	0	0	0	0	0	0	0	0	0	0	0	0	0	0	0	0	0	0	0	0	0	0	0	0	0	0	0	0	0	0	0	0	0	0	0	0	0	0	0	0	0	0	0	0	0	0	0	0	0	0	0	0	0	0	0	0	0	0	0	0
Zotu10971	0	0	0	0	0	0	0	0	0	0	0	0	0	0	0	0	0	0	0	0	0	0	0	0	0	0	0	0	0	1	0	1	0	0	0	0	9	0	0	0	0	0	0	37	0	5	0	0	0	0	0	0	0	0	0	0	0	0	0	0	0	0	0	0	0	0	0	0	0	0	0	0	0	0	0	0	0	0	0	0	0	0	0	0	0	0	0	0	0	0	0	0	0	0	0	0	0	0	0	0	0	0	0	0	0	0	0	0	0	0	0	0	0
Zotu9106	0	0	0	0	0	0	0	0	0	0	0	0	0	0	0	0	0	0	0	0	0	0	0	0	0	0	0	0	0	0	1	0	0	0	2	0	0	0	0	1	0	3	0	0	0	0	0	0	0	0	0	0	0	574	733	0	839	149	67	158	240	2664	51	171	0	0	0	0	2	0	0	0	0	0	0	0	0	0	0	0	0	0	0	0	0	0	0	0	0	0	0	0	0	0	0	0	0	0	0	0	0	0	0	0	0	0	0	0	0	0	0	0	218
Zotu6409	0	0	0	0	0	0	0	0	0	0	0	0	0	0	0	0	0	0	0	0	0	0	0	0	0	0	0	0	0	0	0	1	1	0	0	20	3899	9	2	0	367	1	0	7489	0	32	445	0	0	0	0	0	0	0	0	0	0	0	0	0	0	0	0	0	0	1	0	0	0	0	0	0	0	0	0	0	0	1	0	0	0	0	0	0	0	0	0	0	0	0	0	0	0	0	0	0	0	0	0	0	0	0	0	0	0	0	0	0	0	0	0	0	0
Zotu11493	0	0	0	0	0	0	0	0	0	0	0	0	0	0	0	0	0	0	0	0	0	0	0	0	0	0	0	0	0	0	0	0	0	28	0	0	0	0	0	0	0	0	0	0	0	0	0	0	0	0	0	0	0	0	0	0	0	0	0	0	0	0	0	0	0	0	0	0	0	0	0	0	0	0	0	0	0	0	0	0	0	0	0	0	0	0	0	0	0	0	0	0	0	0	0	0	0	0	0	0	0	0	0	0	0	0	0	0	0	0	0	0	0
Zotu6276	0	0	0	0	0	0	0	0	0	0	0	0	0	0	0	0	0	0	0	0	0	0	0	0	0	0	0	0	0	0	0	0	0	0	1	1	0	0	0	0	0	0	0	0	0	0	0	0	0	0	0	0	0	0	0	0	0	0	0	0	0	0	0	0	0	0	0	0	0	0	0	0	0	0	0	0	0	0	0	0	0	0	0	1	0	0	0	0	10	9	0	2	1	1	31	20	0	0	3	0	1	5	9	3	2	0	15	0	0	10	3	5	0
Zotu8565	0	0	0	0	0	0	0	0	0	0	0	0	0	0	0	0	0	0	0	0	0	0	0	0	0	0	0	0	0	0	0	0	0	0	0	1799	0	0	0	0	0	0	1	0	0	0	0	0	0	0	0	0	0	0	0	16	7	0	0	1	2804	603	773	3015	0	0	0	0	0	0	0	0	0	0	0	0	0	0	0	0	0	0	0	0	0	0	0	0	107	790	0	0	58	157	1988	923	526	94	129	39	0	0	33	293	0	0	0	0	0	783	222	0	6
Zotu5709	0	0	0	0	0	0	0	0	0	0	0	0	0	0	0	0	0	0	0	0	0	0	0	0	0	0	0	0	0	0	0	0	0	0	0	0	10	0	2	7	267	0	0	0	0	0	0	0	0	0	0	0	0	0	0	0	0	0	0	0	0	0	0	0	0	0	0	0	0	0	0	0	0	0	0	0	0	0	0	0	0	0	0	0	0	0	0	0	0	0	0	0	0	0	0	0	0	0	0	0	0	0	0	0	0	0	0	0	0	0	0	0	0
Zotu10743	0	0	0	0	0	0	0	0	0	0	0	0	0	0	0	0	0	0	0	0	0	0	0	0	0	0	0	0	0	0	0	0	0	0	0	0	0	0	5	0	24	0	0	0	0	0	0	0	0	0	0	0	0	0	98	382	0	11	495	186	0	58	7	175	0	0	0	0	0	0	0	0	0	0	0	0	35	0	0	0	76	0	0	0	0	0	0	0	0	0	0	0	0	0	0	0	0	0	0	0	0	0	0	0	0	0	2	0	0	0	0	0	15
Zotu6503	0	0	0	0	0	0	0	0	0	0	0	0	0	0	0	0	0	0	0	0	0	0	0	0	0	0	0	0	0	0	0	0	0	0	0	0	0	0	0	0	0	0	0	27	0	3	0	0	0	0	0	0	0	0	0	0	0	0	0	0	0	0	0	0	0	0	0	0	0	0	0	0	0	0	0	0	0	0	0	0	0	0	0	0	0	0	0	0	5	21	0	0	4	0	7	1	30	0	0	4	0	38	80	20	193	0	0	2	0	68	446	16	0
Zotu98	0	0	0	0	0	0	0	0	0	0	0	0	0	0	0	0	0	0	0	0	0	0	0	0	0	0	0	0	0	0	0	0	0	0	0	0	0	0	0	0	0	0	0	0	0	0	0	357	939	78	3008	544	1229	0	184	13	0	0	129	1796	706	1235	674	0	0	0	0	0	0	0	0	0	0	0	0	0	0	0	0	0	0	0	0	0	0	0	0	0	1	625	1773	0	662	0	0	0	0	782	0	305	0	804	0	200	0	0	0	0	0	0	0	0	8
Zotu8538	0	0	0	0	0	0	0	0	0	0	0	0	0	0	0	0	0	0	0	0	0	0	0	0	0	0	0	0	0	0	0	0	0	0	0	0	0	0	0	0	0	0	0	0	0	0	0	0	0	629	153	350	6	0	3	0	0	0	0	0	0	40	0	7	0	0	0	0	0	0	0	0	0	0	0	0	0	0	0	0	0	0	0	0	0	0	0	0	0	0	0	0	0	0	0	0	0	0	0	0	0	0	0	0	0	0	0	0	0	0	0	0	5
Zotu6314	0	0	0	0	0	0	0	0	0	0	0	0	0	0	0	0	0	0	0	0	0	0	0	0	0	0	0	0	0	0	0	0	0	0	0	0	0	0	0	0	0	0	0	0	0	0	0	0	0	0	0	0	0	5091	0	0	136	0	0	0	0	0	0	0	0	0	0	0	0	0	0	0	0	0	0	0	0	0	0	0	0	0	0	0	0	0	0	0	0	0	0	0	0	0	0	0	0	0	0	0	0	0	0	0	0	0	0	0	0	0	0	0	3916
Zotu5928	0	0	0	0	0	0	0	0	0	0	0	0	0	0	0	0	0	0	0	0	0	0	0	0	0	0	0	0	0	0	0	0	0	0	0	0	0	0	0	0	0	0	0	0	0	0	0	0	0	0	0	0	0	234	354	0	3	5	0	0	0	0	0	0	0	0	0	0	0	0	0	0	0	0	0	0	0	0	0	0	0	0	0	0	0	0	0	0	0	0	0	0	0	0	0	0	0	0	0	0	0	0	0	0	0	0	0	0	0	0	0	0	297
Zotu8864	0	0	0	0	0	0	0	0	0	0	0	0	0	0	0	0	0	0	0	0	0	0	0	0	0	0	0	0	0	0	0	0	0	0	0	0	0	0	0	0	0	0	0	0	0	0	0	0	0	0	0	0	0	34	565	248	23	264	0	0	0	0	0	0	0	0	0	0	0	0	0	0	0	0	0	0	0	0	0	0	0	0	0	0	0	0	0	0	0	0	0	0	0	0	0	0	0	0	0	0	0	0	0	0	0	0	0	0	0	0	0	0	70
Zotu9486	0	0	0	0	0	0	0	0	0	0	0	0	0	0	0	0	0	0	0	0	0	0	0	0	0	0	0	0	0	0	0	0	0	0	0	0	0	0	0	0	0	0	0	0	0	0	0	0	0	0	0	0	0	62	2392	283	44	480	0	0	0	0	0	0	0	0	0	0	0	1	0	0	0	0	0	0	0	0	0	0	0	0	0	0	0	0	0	0	0	0	0	0	0	0	0	0	0	0	0	0	0	0	0	0	0	0	0	0	0	0	0	0	269
Zotu2501	0	0	0	0	0	0	0	0	0	0	0	0	0	0	0	0	0	0	0	0	0	0	0	0	0	0	0	0	0	0	0	0	0	0	0	0	0	0	0	0	0	0	0	0	0	0	0	0	0	0	0	0	0	18	180	0	46	6	0	0	0	0	0	308	1	0	0	0	0	0	0	0	0	0	0	0	0	0	0	0	0	0	0	0	0	1	0	0	0	0	0	81	0	2739	0	0	0	0	2059	0	138	219	0	1	0	74	0	264	8	0	0	0	155
Zotu8195	0	0	0	0	0	0	0	0	0	0	0	0	0	0	0	0	0	0	0	0	0	0	0	0	0	0	0	0	0	0	0	0	0	0	0	0	0	0	0	0	0	0	0	0	0	0	0	0	0	0	0	0	0	0	111	0	0	0	0	0	0	0	0	0	0	0	0	0	0	0	0	0	0	0	0	0	0	0	0	0	0	0	0	0	37	0	0	0	0	0	339	125	0	0	0	0	1	2	586	3	0	0	0	0	0	0	578	1585	247	0	23	858	0
Zotu9132	0	0	0	0	0	0	0	0	0	0	0	0	0	0	0	0	0	0	0	0	0	0	0	0	0	0	0	0	0	0	0	0	0	0	0	0	0	0	0	0	0	0	0	0	0	0	0	0	0	0	0	0	0	0	0	1	0	0	0	0	0	0	0	0	0	0	0	0	0	0	0	0	0	0	0	0	0	0	0	0	0	0	0	0	0	0	0	0	0	0	0	0	0	0	0	0	0	0	0	0	0	0	0	0	0	0	340	25	0	0	0	0	0
Zotu8085	0	0	0	0	0	0	0	0	0	0	0	0	0	0	0	0	0	0	0	0	0	0	0	0	0	0	0	0	0	0	0	0	0	0	0	0	0	0	0	0	0	0	0	0	0	0	0	0	0	0	0	0	0	0	0	0	0	0	0	0	0	130	0	22	0	0	0	0	0	0	0	0	0	0	0	0	0	0	0	0	0	0	0	0	0	0	0	0	0	0	0	0	0	0	0	0	0	0	0	0	0	0	0	0	1	0	0	0	0	0	0	0	0
Zotu9824	0	0	0	0	0	0	0	0	0	0	0	0	0	0	0	0	0	0	0	0	0	0	0	0	0	0	0	0	0	0	0	0	0	0	0	0	0	0	0	0	0	0	0	0	0	0	0	0	0	0	0	0	0	0	0	0	0	0	0	0	0	0	0	0	0	1	0	0	0	0	0	0	0	0	0	0	51	9	0	0	3	21	0	4	0	28	93	122	0	0	0	0	0	0	0	0	0	0	0	0	0	0	0	0	0	0	0	0	0	0	0	0	0
Zotu6300	0	0	0	0	0	0	0	0	0	0	0	0	0	0	0	0	0	0	0	0	0	0	0	0	0	0	0	0	0	0	0	0	0	0	0	0	0	0	0	0	0	0	0	0	0	0	0	0	0	0	0	0	0	0	0	0	0	0	0	0	0	0	0	0	0	2	1	1	0	0	0	0	0	0	0	0	0	1	0	0	0	0	0	0	0	219	9	0	0	0	0	0	0	0	0	0	0	0	0	0	0	0	0	0	0	0	0	0	0	0	0	0	0
Zotu5821	0	0	0	0	0	0	0	0	0	0	0	0	0	0	0	0	0	0	0	0	0	0	0	0	0	0	0	0	0	0	0	0	0	0	0	0	0	0	0	0	0	0	0	0	0	0	0	0	0	0	0	0	0	0	0	0	0	0	0	0	0	0	0	0	0	0	0	0	0	0	0	0	1	0	0	0	0	0	0	0	0	0	0	0	0	0	0	0	0	0	0	0	0	0	0	0	224	3813	0	0	435	0	1939	2	0	24500	0	0	0	0	0	0	0
Zotu10075	0	0	0	0	0	0	0	0	0	0	0	0	0	0	0	0	0	0	0	0	0	0	0	0	0	0	0	0	0	0	0	0	0	0	0	0	0	0	0	0	0	0	0	0	0	0	0	0	0	0	0	0	0	0	0	0	0	0	0	0	0	0	0	0	0	0	0	0	0	0	0	0	0	0	0	0	0	0	0	103	0	0	169	0	0	1	2	0	0	0	0	0	0	0	0	0	0	0	0	0	0	0	0	0	0	0	0	0	0	0	0	0	0
Zotu9798	0	0	0	0	0	0	0	0	0	0	0	0	0	0	0	0	0	0	0	0	0	0	0	0	0	0	0	0	0	0	0	0	0	0	0	0	0	0	0	0	0	0	0	0	0	0	0	0	0	0	0	0	0	0	0	0	0	0	0	0	0	0	0	0	0	0	0	0	0	0	0	0	0	0	0	0	0	0	0	0	0	0	0	0	0	0	0	0	266	0	0	0	0	0	0	0	0	0	0	0	0	0	0	0	0	0	0	0	0	0	0	0	0
Zotu7636	0	0	0	0	0	0	0	0	0	0	0	0	0	0	0	0	0	0	0	0	0	0	0	0	0	0	0	0	0	0	0	0	0	0	0	0	0	0	0	0	0	0	0	0	0	0	0	0	0	0	0	0	0	0	0	0	0	0	0	0	0	0	0	0	0	0	0	0	0	0	0	0	0	0	0	0	0	0	0	0	0	0	0	0	0	0	0	0	10	5	3	0	0	7	9	3	4	18	18	0	1	8	7	2	11	0	0	1	1	3	7	2	0
Zotu8450	0	0	0	0	0	0	0	0	0	0	0	0	0	0	0	0	0	0	0	0	0	0	0	0	0	0	0	0	0	0	0	0	0	0	0	0	0	0	0	0	0	0	0	0	0	0	0	0	0	0	0	0	0	0	0	0	0	0	0	0	0	0	0	0	0	0	0	0	0	0	0	0	0	0	0	0	0	0	0	0	0	0	0	0	0	0	0	0	1	0	1	0	0	0	8	1	32	279	264	3	0	17	28	192	27	3	2	10	30	5	3	2	0
Zotu913	0	0	0	0	0	0	0	0	0	0	0	0	0	0	0	0	0	0	0	0	0	0	0	0	0	0	0	0	0	0	0	0	0	0	0	0	0	0	0	0	0	0	0	0	0	0	0	0	0	0	0	0	0	0	0	0	0	0	0	0	0	0	0	0	0	0	0	0	0	0	0	0	0	0	0	0	0	0	0	0	0	0	0	0	0	0	0	0	0	311	0	0	78	0	0	0	0	0	0	0	0	0	0	0	0	0	0	0	0	0	0	0	0
Zotu9297	0	0	0	0	0	0	0	0	0	0	0	0	0	0	0	0	0	0	0	0	0	0	0	0	0	0	0	0	0	0	0	0	0	0	0	0	0	0	0	0	0	0	0	0	0	0	0	0	0	0	0	0	0	0	0	0	0	0	0	0	0	0	0	0	0	0	0	0	0	0	0	0	0	0	0	0	0	0	0	0	0	0	0	0	0	0	0	0	0	0	0	0	0	0	0	0	0	0	72	0	0	0	0	0	0	0	0	0	0	0	0	0	0
Zotu10620	0	0	0	0	0	0	0	0	0	0	0	0	0	0	0	0	0	0	0	0	0	0	0	0	0	0	0	0	0	0	0	0	0	0	0	0	0	0	0	0	0	0	0	0	0	0	0	0	0	0	0	0	0	0	0	0	0	0	0	0	0	0	0	0	0	0	0	0	0	0	0	0	0	0	0	0	0	0	0	0	0	0	0	0	0	0	0	0	0	0	0	0	0	0	0	0	0	0	0	0	0	42	0	0	0	0	0	0	0	0	0	0	0
Zotu11542	0	0	0	0	0	0	0	0	0	0	0	0	0	0	0	0	0	0	0	0	0	0	0	0	0	0	0	0	0	0	0	0	0	0	0	0	0	0	0	0	0	0	0	0	0	0	0	0	0	0	0	0	0	0	0	0	0	0	0	0	0	0	0	0	0	0	0	0	0	0	0	0	0	0	0	0	0	0	0	0	0	0	0	0	0	0	0	0	0	0	0	0	0	0	0	0	0	0	0	0	0	31	0	0	0	0	0	0	0	0	0	0	0
Zotu6810	0	0	0	0	0	0	0	0	0	0	0	0	0	0	0	0	0	0	0	0	0	0	0	0	0	0	0	0	0	0	0	0	0	0	0	0	0	0	0	0	0	0	0	0	0	0	0	0	0	0	0	0	0	0	0	0	0	0	0	0	0	0	0	0	0	0	0	0	0	0	0	0	0	0	0	0	0	0	0	0	0	0	0	0	0	0	0	0	0	0	0	0	0	0	0	0	0	0	0	0	0	0	81	0	0	0	0	0	0	0	0	0	0
Zotu9270	0	0	0	0	0	0	0	0	0	0	0	0	0	0	0	0	0	0	0	0	0	0	0	0	0	0	0	0	0	0	0	0	0	0	0	0	0	0	0	0	0	0	0	0	0	0	0	0	0	0	0	0	0	0	0	0	0	0	0	0	0	0	0	0	0	0	0	0	0	0	0	0	0	0	0	0	0	0	0	0	0	0	0	0	0	0	0	0	0	0	0	0	0	0	0	0	0	0	0	0	0	0	0	0	0	0	1644	0	136	0	0	0	0
Zotu9933	0	0	0	0	0	0	0	0	0	0	0	0	0	0	0	0	0	0	0	0	0	0	0	0	0	0	0	0	0	0	0	0	0	0	0	0	0	0	0	0	0	0	0	0	0	0	0	0	0	0	0	0	0	0	0	0	0	0	0	0	0	0	0	0	0	0	0	0	0	0	0	0	0	0	0	0	0	0	0	0	0	0	0	0	0	0	0	0	0	0	0	0	0	0	0	0	0	0	0	0	0	0	0	0	0	0	10	342	22	0	0	515	0
Zotu6098	0	0	0	0	0	0	0	0	0	0	0	0	0	0	0	0	0	0	0	0	0	0	0	0	0	0	0	0	0	0	0	0	0	0	0	0	0	0	0	0	0	0	0	0	0	0	0	0	0	0	0	0	0	0	0	0	0	0	0	0	0	0	0	0	0	0	0	0	0	0	0	0	0	0	0	0	0	0	0	0	0	0	0	0	0	0	0	0	0	0	0	0	0	0	0	0	0	0	0	0	0	0	0	0	0	0	0	17	105	0	0	0	0
Zotu9208	0	0	0	0	0	0	0	0	0	0	0	0	0	0	0	0	0	0	0	0	0	0	0	0	0	0	0	0	0	0	0	0	0	0	0	0	0	0	0	0	0	0	0	0	0	0	0	0	0	0	0	0	0	0	0	0	0	0	0	0	0	0	0	0	0	0	0	0	0	0	0	0	0	0	0	0	0	0	0	0	0	0	0	0	0	0	0	0	0	0	0	0	0	0	0	0	0	0	0	0	0	0	0	0	0	0	0	51	194	0	0	0	0
