#OTU ID	MMPRNT1465	MMPRNT1466	MMPRNT1467	MMPRNT1468	MMPRNT1469	MMPRNT1470	MMPRNT1471	MMPRNT1472	MMPRNT1473	MMPRNT1474	MMPRNT1475	MMPRNT1476	MMPRNT1477	MMPRNT1478	MMPRNT1479	MMPRNT1480	MMPRNT1481	MMPRNT1482	MMPRNT1483	MMPRNT1484	MMPRNT1485	MMPRNT1486	MMPRNT1487	MMPRNT1488	MMPRNT1537	MMPRNT1538	MMPRNT1539	MMPRNT1540	MMPRNT1541	MMPRNT1542	MMPRNT1543	MMPRNT1544	MMPRNT1545	MMPRNT1546	MMPRNT1547	MMPRNT1548	MMPRNT1549	MMPRNT1550	MMPRNT1551	MMPRNT1552	MMPRNT1553	MMPRNT1554	MMPRNT1555	MMPRNT1556	MMPRNT1557	MMPRNT1558	MMPRNT1559	MMPRNT1616	MMPRNT1617	MMPRNT1618	MMPRNT1619	MMPRNT1620	MMPRNT1621	MMPRNT1622	MMPRNT1623	MMPRNT1624	MMPRNT1625	MMPRNT1626	MMPRNT1627	MMPRNT1628	MMPRNT1629	MMPRNT1630	MMPRNT1631	MMPRNT1632	MMPRNT1681	MMPRNT1682	MMPRNT1683	MMPRNT1684	MMPRNT1685	MMPRNT1686	MMPRNT1687	MMPRNT1688	MMPRNT1689	MMPRNT1690	MMPRNT1691	MMPRNT1692	MMPRNT1693	MMPRNT1694	MMPRNT1695	MMPRNT1696	MMPRNT1697	MMPRNT1698	MMPRNT1699	MMPRNT1700	MMPRNT1701	MMPRNT1702	MMPRNT1703	MMPRNT1704	MMPRNT1753	MMPRNT1754	MMPRNT1755	MMPRNT1756	MMPRNT1757	MMPRNT1758	MMPRNT1759	MMPRNT1760	MMPRNT1761	MMPRNT1762	MMPRNT1763	MMPRNT1764	MMPRNT1765	MMPRNT1766	MMPRNT1767	MMPRNT1768	MMPRNT1769	MMPRNT1770	MMPRNT1771	MMPRNT1772	MMPRNT1773	MMPRNT1774	MMPRNT1775	MMPRNT1776	MMPRNTCtrl7BB5
Zotu7339	571	0	2393	3	0	0	148	1	0	0	0	721	250	260	360	27	0	871	0	0	204	0	0	0	0	0	0	0	0	0	0	0	0	0	0	0	0	0	0	0	0	0	0	0	0	0	0	33	0	0	49	0	0	0	0	0	0	0	0	0	0	0	0	0	0	0	0	0	0	0	0	3	0	0	0	0	0	0	0	0	0	0	0	0	0	0	0	0	0	0	176	35	36	0	1707	0	0	0	3	320	0	0	0	0	0	0	272	337	4849	1	0	0	0
Zotu8020	466	544	166	600	1822	790	769	711	1012	1075	592	463	47	22	0	0	131	0	79	1683	1129	1452	220	123	0	0	0	0	0	0	0	0	0	0	0	0	0	0	0	0	0	0	0	0	0	0	0	0	0	0	0	0	0	55	1676	432	116	259	0	57	0	0	0	102	0	0	0	0	0	0	0	0	0	0	1	0	0	0	0	0	0	0	0	0	0	0	0	0	0	0	0	0	0	0	0	0	0	0	0	0	0	0	0	0	0	0	0	0	0	0	0	0	38
Zotu9967	510	1267	132	123	809	192	359	4	101	289	0	1027	519	6	1	104	369	83	132	174	279	131	16	42	15	251	9	0	5	0	62	0	0	0	0	180	0	0	0	24	0	0	5	2	0	93	24	31	17	57	52	0	15	117	20	64	0	0	54	53	11	99	13	446	259	231	68	32	35	160	5	202	3	5	0	0	45	76	57	156	229	48	81	120	450	0	0	224	0	1	168	0	0	0	94	294	0	0	0	0	143	0	177	0	0	0	0	0	0	0	0	0	152
Zotu7611	590	191	611	127	21	6	0	8	135	0	0	0	493	665	0	248	123	141	0	1867	0	0	0	0	0	0	0	0	0	0	0	0	0	0	0	0	0	1	0	0	0	0	0	0	0	0	0	0	0	0	0	0	0	0	0	0	0	0	0	0	0	0	0	0	0	0	0	91	7	0	0	0	0	0	0	0	0	0	0	0	0	0	0	0	1	0	0	0	0	0	0	0	0	0	0	0	0	0	0	111	0	0	0	0	0	0	0	0	0	0	0	0	0
Zotu9464	938	937	571	237	2113	205	479	128	682	1127	0	673	829	0	1	0	101	0	379	0	0	0	0	127	0	0	0	0	0	1	0	0	0	0	0	0	0	0	0	0	0	0	0	0	0	0	0	0	0	0	0	0	0	0	1726	16	0	268	0	0	0	0	0	0	0	0	0	0	0	0	0	0	0	0	0	0	0	0	0	0	0	0	0	0	0	0	0	0	303	937	119	51	406	258	0	146	2122	1016	3	0	33	377	393	583	1	31	726	899	247	190	590	535	0
Zotu9300	588	0	0	332	11	0	24	51	0	0	0	0	0	0	550	34	0	0	0	2721	88	147	120	0	0	0	0	0	0	0	0	0	0	0	0	0	0	0	0	0	0	0	0	0	0	0	0	0	0	0	0	0	0	0	0	0	0	0	0	0	0	0	0	0	0	0	0	0	0	0	0	0	0	0	0	0	0	0	0	0	0	0	0	0	0	0	0	0	0	0	0	0	0	0	0	0	0	0	0	0	0	0	0	0	0	0	0	0	0	0	0	0	0
Zotu767	941	3621	1571	916	2714	4674	712	187	605	3331	1338	3103	1146	1275	680	1114	1621	3891	521	5254	3360	3909	327	2318	0	0	0	0	0	0	0	0	0	0	0	0	0	1	0	1	0	1314	0	0	1643	0	0	639	292	556	728	5454	399	29	1	491	46	18	25	228	96	616	0	1	177	547	163	443	135	461	1	40	3	1	0	2	156	196	217	4281	451	2650	1122	4379	2114	128	1368	2717	0	0	0	0	0	0	1	0	0	0	0	0	0	0	0	0	0	0	0	1	1398	0	0	0	0
Zotu11890	1710	462	1088	279	370	230	874	76	479	209	265	1	1346	85	1238	466	196	190	0	736	0	0	0	119	1	0	1	0	0	0	0	0	0	0	0	0	0	0	0	5	0	1	0	4	0	1	3	0	0	0	0	0	0	0	14	0	0	1	1	2	2	2	0	1	0	0	0	0	0	0	0	0	0	0	0	0	0	0	0	0	0	0	0	0	0	0	0	0	0	0	0	0	0	0	0	0	2	2	1	0	0	2	0	3	6	1	2	1	0	2	0	0	8
Zotu8205	1912	285	255	1561	1532	1139	24	567	483	87	92	0	4964	6353	1184	1888	1880	842	312	0	3303	2308	1311	109	446	66	1	150	308	192	179	87	305	230	73	673	0	0	22	56	33	31	4	0	32	157	3	0	0	0	0	3	0	0	0	0	0	0	0	0	0	0	0	0	140	0	9	23	95	346	78	88	29	514	391	38	258	429	910	1387	899	3	133	75	380	271	172	333	0	0	690	0	0	2	0	0	0	0	0	33	38	1	0	0	0	0	7	24	0	0	0	44	0
Zotu926	982	158	1969	277	1	1015	0	0	0	0	161	4	0	0	2	1	1	0	0	0	0	1	0	0	1318	49	1691	5404	1193	1614	50	2908	7517	1209	851	1100	897	205	1534	3024	4156	2898	6505	2466	27	88	430	3761	1232	747	4837	13	1360	1	9	3473	22	6	0	1	1	1	1	0	1263	4454	546	3274	4140	3523	0	0	0	0	0	0	0	0	0	0	0	0	0	0	0	0	0	1	154	2277	3559	265	1946	1910	637	1995	2885	914	187	208	2093	1106	4478	1697	573	92	2378	2005	293	277	3391	3240	0
Zotu8518	184	2994	598	157	0	0	0	0	0	0	0	0	0	0	0	0	0	0	0	0	0	0	0	0	0	0	0	0	0	0	0	0	0	0	0	0	0	0	38	0	0	0	0	0	23	0	1723	0	0	0	0	0	0	0	0	0	0	0	1	0	0	0	0	0	0	0	0	0	0	0	0	0	0	0	0	0	0	0	0	0	20	0	0	0	0	0	0	0	0	0	654	577	0	468	0	0	1521	0	59	1	36	0	0	0	0	0	753	464	172	0	704	2170	0
Zotu9674	383	473	48	216	185	188	127	76	77	1	941	611	247	130	0	27	114	305	261	1	602	210	0	22	33	138	7	0	0	0	30	0	0	0	1	2	0	0	0	0	0	0	11	1	0	44	0	26	10	60	30	1	27	60	21	14	8	0	49	120	7	47	34	528	236	173	69	91	73	58	6	116	6	10	2	0	11	16	17	105	17	15	28	44	104	1	0	39	0	1	0	0	0	0	3	0	0	3	18	0	3	0	126	0	0	0	48	0	66	0	0	113	32
Zotu7124	44	211	81	26	0	1	0	0	0	0	0	0	329	0	0	0	0	0	0	0	0	0	0	1	0	0	0	0	67	13	0	5	0	0	0	95	0	3	1	3	0	0	0	0	97	0	1	12	23	9	0	328	52	0	0	0	3	0	1	82	1	0	2	12	0	0	0	0	0	0	0	6	1	2	1	8	6	13	3	0	89	4	0	0	0	1	1	0	0	0	0	0	0	0	0	0	0	0	0	0	0	0	390	0	0	0	9	632	0	0	0	0	0
Zotu7095	146	0	0	53	0	0	0	0	0	0	0	0	0	0	0	0	0	0	0	0	0	0	0	0	5	0	0	0	0	0	0	0	0	0	0	0	0	0	0	0	0	0	0	0	0	0	0	0	0	0	0	0	0	0	1	0	0	0	0	0	0	0	0	0	0	0	0	0	0	0	0	0	0	12	0	0	0	0	0	0	0	0	0	0	0	0	0	0	0	0	0	0	0	0	0	0	0	0	0	0	0	0	0	0	0	0	0	0	0	0	0	0	0
Zotu9990	59	1054	223	182	107	26	149	436	546	734	254	2761	2	622	2172	672	0	934	0	50	674	400	135	839	2023	0	0	0	5782	0	0	0	8478	3586	0	61	0	13	114	125	90	0	0	0	0	27	0	959	3702	5532	126	2255	588	63	616	306	0	207	4129	3333	0	0	0	0	12	6	1	3	1	0	21	27	0	37	20	24	280	44	100	19	50	362	4	1	24	100	14	35	0	0	5	81	0	0	0	0	59	0	0	208	0	0	0	0	0	0	41	0	43	0	0	0	111
Zotu95	45	4	0	213	6	111	1	37	260	0	0	175	297	172	0	0	691	1	93	0	339	2820	0	991	0	0	0	0	0	0	0	0	0	0	0	0	0	0	0	0	0	0	0	0	0	0	0	0	0	0	0	0	0	0	0	0	0	0	0	0	0	0	0	0	0	0	0	0	0	0	0	0	0	0	0	0	0	0	0	0	0	0	0	0	0	0	0	0	0	0	0	0	0	0	0	0	0	0	0	0	0	0	0	0	0	0	0	0	0	0	0	0	0
Zotu8608	193	165	221	190	67	0	0	30	0	1046	0	1121	0	0	0	0	129	0	0	0	0	0	0	0	0	0	0	0	0	0	0	0	0	1	0	0	0	0	0	0	0	0	0	0	0	0	0	16	0	0	6	0	225	0	8	8	24	5	0	0	0	0	0	0	0	0	0	0	0	0	0	0	0	0	0	0	0	0	0	329	157	530	2	113	30	77	0	0	0	0	0	0	0	0	0	0	0	0	0	0	0	0	0	0	0	0	0	0	0	0	0	0	0
Zotu8049	73	217	1311	29	228	1	0	0	0	0	0	0	0	0	1	0	0	0	0	0	0	0	0	0	0	0	0	0	0	0	0	0	0	0	0	0	0	0	0	0	0	0	0	0	0	0	0	0	0	0	0	0	0	124	3	44	3869	544	465	0	0	0	0	0	0	0	0	0	0	0	0	0	0	0	0	0	0	0	0	0	0	0	0	0	0	0	0	0	0	0	0	0	0	0	0	0	0	0	0	0	0	0	0	0	0	0	0	0	0	0	0	0	1068
Zotu9657	98	0	1519	1	0	60	0	0	0	0	0	0	214	0	1	0	0	3	0	0	0	0	0	0	0	0	0	0	0	0	1	0	0	0	1	0	0	0	0	1	0	3	0	0	0	0	0	0	0	0	0	0	0	0	0	0	0	0	0	0	0	1	0	0	0	0	0	0	0	0	0	0	0	0	0	0	0	0	0	293	0	0	0	0	0	0	0	0	0	0	0	0	0	0	0	0	0	0	0	0	0	0	0	0	0	0	0	47	37	0	0	0	17
Zotu6549	110	1	1	18	1058	847	32	17	106	4268	1644	1356	1905	0	753	4	311	292	5958	1975	421	2422	102	64	1150	0	477	771	385	1816	6	558	92	96	116	125	396	20	333	176	69	104	131	94	6	44	116	78	226	315	594	400	61	521	43	39	1	443	4484	473	6	2	165	522	1000	314	224	519	598	884	2	6	4	2	4	9	6	3	3	42	3	1	2	3	2	2	5	5	2364	2919	1050	178	456	662	785	1089	1737	531	1742	585	114	590	0	597	2513	536	897	499	260	1123	1659	1996	144
Zotu9576	14	11	218	75	455	546	616	632	1619	1507	1354	2019	320	112	2146	2027	160	1789	3975	665	1278	2209	363	644	0	0	0	0	0	0	0	0	0	0	0	0	0	0	0	0	0	0	0	0	0	0	0	0	0	0	0	0	0	0	1	2	0	0	0	0	0	0	0	0	0	0	0	0	0	0	1362	633	4009	891	2579	2733	489	175	248	15	433	188	48	291	0	34	106	215	0	0	0	0	0	0	0	0	0	0	0	0	0	0	0	0	0	0	0	0	0	0	0	0	0
Zotu10349	1	1	753	378	32	0	1	32	59	0	0	354	0	220	568	0	328	915	0	1	0	0	5567	0	1	0	0	0	0	0	0	0	1	1	0	0	0	0	0	0	254	0	0	1	10905	81	583	0	0	3	0	1	3326	9	373	554	250	468	4	6	0	0	0	0	114	718	2	276	2408	2279	508	102	371	690	583	877	213	2918	4093	1416	1849	321	3656	1266	5378	294	3752	606	0	0	0	0	0	233	0	0	0	0	0	1	52	0	0	0	0	0	0	1773	1784	0	0	338	37
Zotu7693	82	471	826	61	433	9	22	48	119	527	0	330	847	0	0	0	0	0	68	0	0	0	0	34	0	0	0	0	0	0	0	0	0	0	0	0	0	0	0	0	0	1	0	0	0	0	0	0	0	0	0	0	0	0	854	0	0	114	0	0	0	0	0	0	0	0	0	0	0	0	0	0	0	0	0	0	0	0	0	0	0	0	0	0	0	0	0	0	0	0	0	0	0	0	0	0	237	0	0	0	0	1	0	0	0	0	0	0	78	0	391	60	0
Zotu8906	170	0	372	202	13098	1266	0	0	0	0	0	0	0	0	0	0	0	0	0	0	0	0	0	0	10	0	0	0	0	0	0	0	0	0	0	0	0	0	0	1	0	0	0	0	0	0	0	0	0	0	0	0	0	10	0	84	23	24	0	0	0	0	0	0	0	0	0	0	0	0	0	0	0	0	0	0	0	0	0	0	0	0	0	0	0	0	0	0	0	0	0	0	0	0	0	0	0	0	0	0	0	0	0	0	0	0	0	0	0	0	0	0	153
Zotu9662	102	0	0	0	52	0	0	0	0	0	0	0	0	0	0	0	0	0	0	0	0	0	0	0	0	0	0	0	0	0	0	0	0	0	0	0	0	0	26	19	0	10	0	0	0	53	0	0	0	0	0	0	0	0	0	0	0	0	0	0	0	0	0	0	0	0	0	0	0	0	0	0	0	0	0	0	0	0	0	0	0	0	0	0	0	0	0	0	0	0	0	0	0	0	0	0	0	0	0	0	0	0	0	0	0	0	0	0	0	0	0	0	0
Zotu8651	4	741	150	16	118	311	162	3	441	160	1	2	305	67	0	100	78	51	201	215	287	138	27	46	33	164	17	0	0	7	307	12	30	96	1	36	0	0	0	24	0	0	0	0	0	0	0	24	4	44	35	0	21	13	0	32	0	0	59	105	6	116	34	664	258	212	46	73	44	46	20	112	13	8	0	0	2	13	9	16	12	8	12	24	85	1	0	17	0	349	1	0	0	0	178	4	0	0	0	0	179	0	80	0	1	0	94	141	35	0	0	0	27
Zotu3429	67	0	0	0	380	0	196	5	68	0	0	0	351	0	0	157	0	0	0	0	0	0	0	0	0	0	0	0	0	0	0	0	0	0	0	1	0	0	0	0	0	0	0	0	0	0	0	843	0	523	1577	164	699	0	0	630	1320	2385	0	0	0	66	0	0	3	3	2	0	0	2	1	0	0	0	0	0	3	1	0	0	1	1	0	0	0	0	0	0	0	0	0	0	0	0	0	0	0	0	0	0	0	0	0	0	0	0	0	0	0	0	0	0	0
Zotu9266	9	0	292	14	13	1	0	0	0	0	0	0	10	0	1	0	2	0	0	0	0	0	0	1	2	0	0	0	7	1	1	3	3	0	0	8	0	1	0	0	0	0	0	0	0	0	0	0	0	0	0	0	0	0	0	0	0	0	0	0	0	0	0	0	1	0	0	2	4	1	1	1	0	0	1	0	0	0	0	0	3	1	1	0	1	0	0	0	0	0	0	0	0	0	0	0	0	0	0	0	0	0	0	0	0	0	0	0	0	0	0	0	0
Zotu9818	46	0	0	0	0	0	0	0	0	0	0	0	0	0	0	0	0	0	0	0	0	0	0	0	0	0	0	0	0	0	0	0	0	0	0	44	0	0	0	0	0	0	10	0	4	0	0	0	0	0	20	0	0	0	0	0	0	26	0	0	0	0	0	0	0	0	0	0	0	0	4	6	9	0	0	0	0	0	11	0	5	0	0	0	0	0	0	0	0	0	0	0	0	0	0	0	0	0	0	0	0	0	0	0	0	0	0	0	0	0	0	0	0
Zotu9911	30	330	236	0	0	17	17	1	26	98	0	0	0	0	0	40	0	0	0	0	0	0	0	0	39	368	732	170	45	162	366	117	851	342	376	71	410	110	1156	418	268	209	0	1	29	0	68	417	99	198	261	340	139	199	390	754	425	493	677	268	337	759	261	945	4	13	9	16	22	23	0	2	0	0	0	0	0	0	1	77	29	31	24	16	0	3	3	1	0	244	157	42	401	291	365	236	103	459	289	101	3	105	279	92	0	1	212	0	122	450	922	156	758
Zotu7494	69	367	191	23	158	0	0	0	0	0	0	0	0	29	0	0	0	0	0	0	27	5	23	13	0	0	0	0	0	0	0	0	0	0	0	0	0	0	0	33	17	0	0	0	0	0	0	0	0	0	7	0	0	0	0	0	0	3	0	0	0	0	0	0	0	0	0	0	0	0	42	1	5	10	6	0	0	0	0	0	0	4	0	20	0	0	0	0	0	0	0	0	0	0	0	0	0	0	0	0	0	0	0	0	0	0	0	0	0	0	0	0	0
Zotu9058	10	0	0	0	93	0	0	0	0	0	2034	93	102	0	0	0	384	0	197	1177	650	249	28	0	0	0	0	0	0	0	0	0	0	0	0	0	0	0	0	0	0	0	0	0	0	0	0	0	0	0	0	0	0	0	0	0	0	0	0	0	0	0	0	0	0	0	0	0	0	0	0	0	0	0	0	0	0	0	0	0	0	0	0	0	0	0	0	0	0	0	0	0	0	0	0	0	0	0	0	0	0	0	0	0	0	0	0	0	0	0	0	0	0
Zotu699	26	277	0	350	1	45	0	0	0	26	1161	3034	1020	1	0	0	0	16	1453	2	29	199	0	3	1	0	1	0	0	0	2	350	0	34	1	12	10	10	22	162	4	238	0	0	0	0	0	0	16	0	0	0	0	0	0	1	2	12	42	26	0	3	0	2	25	65	4	81	59	17	2	2	4	59	16	0	24	1	165	434	216	289	0	0	0	24	272	10	551	26	60	0	0	2	81	0	30	112	0	679	0	1	0	30	0	85	0	11	2	3311	905	0	0
Zotu6781	38	0	0	0	0	0	0	0	0	85	0	0	0	0	0	0	0	0	0	0	7	0	0	0	0	0	0	0	0	0	0	0	0	0	0	0	0	0	0	0	0	0	0	0	0	0	0	0	0	0	0	0	0	0	0	0	0	0	0	0	0	0	0	0	0	0	0	0	0	0	0	0	0	0	0	0	0	0	0	0	0	0	0	0	0	0	0	0	0	0	0	0	0	0	0	0	0	0	0	0	0	0	0	0	0	0	0	0	0	0	0	0	0
Zotu9282	2	0	0	0	3	6	3	0	0	8	0	2	3	0	4	1	2	2	26	2	3	18	5	0	9	0	11	129	3	20	0	2	0	0	54	0	7	1	9	4	0	2	38	0	0	1	0	0	2	1	78	6	1	3	12	0	0	67	68	144	0	0	1	6	29	5	1	41	31	14	0	0	0	0	0	0	0	0	0	1	1	0	0	0	0	0	0	0	322	244	54	0	118	490	1	175	104	2	120	3	2	2	88	132	688	156	0	2	1	3	3	4	5
Zotu970	1	3	1	201	182	260	64	8	2	0	14	1	273	134	5	225	1	4	0	1	2	1	1	131	0	9	0	0	3	1	9	3	0	4	0	5	0	0	1	0	0	0	0	0	0	0	0	0	1	0	201	0	0	0	0	1	0	2	0	0	0	0	0	0	483	25	6	6	26	28	2877	1635	1468	2060	1514	1664	2026	1356	1967	685	1509	1370	208	534	432	537	1629	2020	0	0	2	0	0	0	0	1	4	3	0	0	0	0	0	0	0	0	0	1	0	0	0	0	0
Zotu7628	2	9	0	0	0	0	0	0	0	0	0	0	0	0	0	0	0	0	0	1	0	0	0	0	0	0	0	0	0	0	0	0	0	0	0	719	0	0	0	0	0	0	208	0	0	0	92	0	0	0	0	0	0	0	0	0	0	0	0	0	0	0	0	0	0	0	0	0	0	0	0	0	0	0	0	0	0	0	0	0	0	0	0	0	0	0	0	0	637	0	100	0	180	276	678	416	1422	0	0	0	916	0	1086	0	129	0	0	0	0	0	671	0	0
Zotu9019	7	0	2	0	0	0	0	0	0	0	0	0	1	0	0	2	0	0	0	0	0	0	0	0	1	24	2	2	0	14	16	3	0	0	9	0	14	1	2	14	9	106	10	9	31	87	0	0	1	0	20	1	0	0	0	0	0	0	0	6	11	24	2	3	0	0	0	0	0	0	0	0	0	0	0	0	0	0	0	0	0	0	0	0	0	0	0	0	422	91	700	0	2	0	325	0	434	2	2202	669	2	52	0	937	1	131	0	0	1	0	0	1	0
Zotu9886	1	1	0	2	345	0	102	0	69	0	0	0	258	0	0	1	0	1	0	0	0	0	1	3	0	2	0	0	0	3	8	0	0	1	0	3	0	0	0	1	0	0	0	0	0	0	0	612	0	276	626	133	412	0	0	341	667	796	0	0	0	70	0	0	5	6	3	0	1	1	0	2	3	0	2	1	0	2	1	0	1	0	0	1	0	0	0	1	0	0	0	0	0	0	0	0	0	0	0	0	0	0	0	0	0	0	0	0	0	0	0	0	0
Zotu9609	1	0	1175	1	0	0	1	0	0	0	0	0	0	0	1	1	0	0	0	0	0	0	1	0	26	22	45	13	56	4524	12	284	60	628	8	0	226	0	216	3520	413	419	152	0	23	87	21	2	4	0	5	0	2	0	0	0	0	0	0	15	208	103	992	267	25	24	0	0	0	9	0	0	0	0	0	0	0	0	0	42	0	0	12	0	0	0	0	0	0	453	343	0	4979	166	1264	0	3135	1311	217	985	6	7	3292	10196	0	1	0	94	815	0	0	3218	0
Zotu5979	1	0	0	0	0	0	0	0	0	0	1	1	0	0	0	0	0	0	0	0	0	1	0	0	1	0	2	126	10	5	0	0	0	0	0	0	0	0	0	1	0	0	76	3	4	0	0	0	0	0	0	0	0	0	0	0	0	0	0	0	0	14	0	3	1	2	0	181	189	0	0	91	1	0	0	0	0	0	0	0	1	0	528	0	0	0	0	0	1	0	261	0	0	0	0	0	0	0	0	0	0	143	0	0	0	0	0	0	0	461	0	0	0
Zotu7351	1	6	5	0	0	2	2	18	4	366	0	0	0	0	3	84	0	2	0	0	0	0	0	0	1	1	6	2	0	0	1	0	3	21	135	0	2	0	9	3	0	0	0	0	0	1	0	101	17	32	67	48	5	3	0	7	3	1	3	1	2	3	1	2	4	4	0	11	15	0	0	1	0	0	0	0	0	0	0	9	2	16	11	16	1	3	12	4	0	0	13	0	0	0	0	1	0	0	0	0	1	0	11	8	0	2	0	6	18	0	0	1	5
Zotu9672	1	0	2	0	0	0	0	0	0	0	0	0	2	0	0	0	0	0	0	0	0	0	0	0	0	0	0	0	0	0	0	0	0	0	1	0	0	0	0	0	0	0	0	0	0	0	0	0	0	0	0	0	0	0	0	0	0	1	0	0	0	0	0	0	0	0	0	0	0	0	0	0	0	0	0	0	0	0	0	5	0	0	0	0	0	0	1	0	0	0	0	0	0	0	0	0	0	0	0	0	0	0	0	0	257	0	0	1	1	0	0	0	0
Zotu8265	0	1	0	0	0	3	1	0	3	2	3	3	8	0	1	1	0	5	0	0	0	0	0	0	2	0	1	1	0	2	9	6	2	0	1	6	4	0	3	4	5	2	0	29	4	0	0	1	0	0	0	0	0	0	0	0	0	0	1	0	0	0	0	2	20	7	5	2	12	3	2	0	0	1	1	1	1	0	0	2	0	2	0	0	2	0	1	1	11	12	13	1	4	9	9	1	6	11	10	2	2	21	9	9	21	4	2	0	0	11	16	5	0
Zotu5533	0	583	405	208	87	1	0	8	20	0	267	0	240	1	1	221	0	1696	18	1	1	62	0	2	0	5	1	0	1	2	4	0	0	2	43	1	810	1069	1801	1	13	0	0	0	22	0	0	0	1	0	0	0	0	853	0	1891	1883	1759	0	1	0	0	0	0	108	171	179	445	1213	160	1	7	2	1	0	2	24	4	7	6	1	0	751	44	100	0	6	195	0	0	0	0	0	0	0	79	0	367	444	2	1	22	196	316	22	0	65	242	0	0	0	319	824
Zotu7003	0	92	116	0	0	0	0	0	0	0	0	0	0	0	0	0	0	0	0	0	0	23	0	0	0	0	0	0	0	0	0	125	1	0	0	5	0	0	4	32	0	118	0	0	0	7	0	0	0	0	0	0	0	0	0	0	0	0	19	6	0	0	0	0	0	9	0	0	0	4	0	0	0	0	0	0	0	0	0	21	1	0	0	0	0	0	0	0	0	0	0	0	0	0	5	0	0	7	0	81	0	24	0	0	0	1	0	0	0	7	0	0	0
Zotu63	0	56	139	0	41	550	0	0	7	0	0	0	209	0	0	0	0	0	251	0	193	209	64	17	0	0	0	0	0	0	0	0	0	0	0	0	0	0	0	0	4	0	0	506	0	0	50	0	0	0	0	0	0	0	0	0	0	0	0	0	0	0	0	0	9	25	15	81	22	55	8	28	23	2	68	21	151	7	8	29	0	55	6	3	69	0	40	18	0	0	0	0	138	0	0	72	0	0	0	0	101	0	0	3791	49	52	0	1	117	0	0	400	0
Zotu9979	0	14	46	0	34	0	0	2	0	0	0	0	0	28	0	40	100	0	0	0	111	36	0	102	0	0	0	0	0	0	0	0	0	0	0	0	0	0	0	0	0	0	0	0	0	0	0	0	0	0	0	0	0	0	0	0	0	0	0	0	0	0	0	0	0	0	0	0	0	0	0	0	0	0	0	0	0	0	0	0	0	0	0	0	0	0	0	0	0	0	0	0	0	0	0	0	0	0	0	0	0	0	0	0	0	0	0	0	0	0	0	0	0
Zotu8271	0	9	3	0	1	0	0	0	8	2	17	5	4	0	2	3	0	1	0	0	0	0	8	0	0	0	0	0	0	0	0	3	0	1	0	1	0	0	0	0	1	0	0	2	0	0	0	0	0	0	0	0	0	0	0	0	0	0	0	0	0	0	0	0	1	1	0	0	3	1	0	5	3	0	1	0	0	0	1	0	0	0	0	0	0	0	0	0	0	2	1	0	41	0	51	18	107	2	1	1	0	0	39	0	0	1	1	0	0	0	0	3	0
Zotu7980	0	4	3	7	1	2	2	0	8	0	0	0	0	2	2	2	2	6	0	483	4	1	4	15	0	545	0	0	452	8	510	306	0	5	0	1775	0	0	10	8	0	1	1	0	23	0	0	0	4	0	3	0	5	0	1	106	3	408	0	0	0	2	1	1	1078	1630	1611	23	56	1118	415	32	1652	890	2624	367	55	245	980	616	140	128	1	4	8	4	12	16	0	0	0	0	0	0	0	2	7	5	0	2	2	0	0	0	0	0	2	0	0	0	0	0	0
Zotu9642	0	0	224	15	22	0	0	0	0	0	0	0	0	0	0	0	66	0	0	0	217	1	6	27	0	0	0	0	0	0	0	0	0	0	0	0	0	0	0	0	0	0	0	0	0	0	0	0	0	0	0	0	0	0	0	0	0	0	0	0	0	0	0	0	0	0	0	0	0	0	0	0	0	0	0	0	0	0	0	0	0	0	0	0	0	0	0	0	0	0	0	0	0	0	0	0	0	0	0	0	0	0	0	0	0	0	0	0	0	0	0	0	0
Zotu8846	0	0	906	39	0	0	0	0	0	0	0	0	0	0	2	0	0	0	0	0	0	0	0	0	0	0	0	0	0	0	0	0	0	0	0	0	0	0	0	0	0	0	0	0	0	0	0	0	0	0	0	0	0	0	0	0	0	0	0	0	0	0	0	0	0	0	0	0	0	0	0	0	0	0	0	0	0	0	0	0	0	0	0	0	0	0	0	0	0	0	0	0	0	0	0	0	0	0	0	0	0	0	0	0	0	0	0	0	0	0	0	0	0
Zotu9597	0	0	64	112	67	711	396	247	787	0	0	0	1	525	0	406	0	72	0	25	0	0	0	0	2089	2630	182	2358	1032	3537	2296	661	481	1855	33	1484	14	23	15	639	65	423	279	0	0	42	1	202	431	84	70	67	225	0	0	234	0	101	275	956	0	0	0	0	934	106	507	786	1198	967	299	751	691	747	659	146	169	88	74	2854	1563	831	1494	3855	760	815	1258	749	0	0	0	0	0	0	0	612	0	188	0	0	0	162	0	1	0	0	0	0	0	0	0	0	0
Zotu939	0	0	66	4	8	421	10	51	59	0	0	0	0	12	0	83	0	1	0	0	0	0	0	0	360	241	65	388	234	582	480	89	121	79	1	194	0	6	10	131	10	69	64	0	0	12	67	67	146	119	4	20	72	0	0	83	0	36	101	200	0	0	0	0	175	28	82	149	203	207	62	165	160	160	193	65	55	34	16	503	259	90	312	517	141	154	228	143	0	0	0	0	0	0	0	4	0	3	0	0	0	4	0	0	0	0	0	0	0	0	0	0	0
Zotu6392	0	0	1	399	0	0	0	0	0	0	0	0	0	0	0	0	0	0	0	0	0	0	0	0	0	0	32	0	0	0	0	61	0	1710	1740	50	857	0	433	396	0	0	1385	2	0	0	266	1	1	0	34	7	0	0	0	0	0	0	1	1	140	4	0	0	0	0	0	0	0	0	0	0	0	0	0	0	0	0	0	0	0	0	0	0	0	0	0	0	0	0	431	0	6	0	2	690	0	4335	0	1	627	109	150	23	6	13	0	165	100	0	3	0	0
Zotu9382	0	0	0	5	0	0	0	0	0	0	0	0	0	0	0	0	0	0	0	0	0	0	0	0	0	0	16	0	0	0	0	0	0	1	6	1	0	0	0	0	0	0	16	22	0	0	0	0	5	15	0	14	0	0	0	0	0	0	0	0	0	93	0	0	0	0	0	0	0	0	0	0	0	0	0	0	0	0	0	0	0	0	0	0	0	0	0	0	0	0	0	0	0	0	275	4	0	0	0	0	0	0	0	3	0	0	0	0	0	0	0	0	0
Zotu983	0	0	0	153	0	0	0	0	0	0	0	0	0	0	0	0	0	0	0	0	0	0	0	0	0	0	0	0	0	0	0	43	18	387	546	8	215	0	119	126	0	0	107	0	0	0	3	0	0	0	3	0	0	0	0	0	0	0	0	0	19	0	0	0	0	0	0	0	0	0	0	0	0	0	0	0	0	0	0	0	0	0	0	0	0	0	0	0	0	0	0	12	0	0	0	252	0	56	0	0	98	0	0	0	229	0	0	56	0	0	0	0	0
Zotu7109	0	0	0	9	9	312	10002	1881	5383	0	33	0	0	0	0	0	515	3083	0	1749	4205	0	0	40	0	0	0	0	0	0	0	0	0	0	0	0	0	0	0	0	0	0	0	0	0	0	0	0	0	0	0	0	0	1	1460	2230	3192	0	0	0	0	0	0	0	0	0	0	0	3	0	0	0	0	0	0	0	0	0	0	0	0	0	0	0	0	0	0	0	0	0	0	0	0	0	0	0	0	0	0	0	0	0	0	0	0	0	0	0	0	0	0	0	0
Zotu5880	0	0	0	0	52	0	0	0	0	0	0	0	0	0	0	0	0	0	0	0	0	0	0	0	0	0	0	0	0	0	0	0	0	0	0	0	0	0	0	0	0	0	0	0	0	0	0	0	0	0	0	0	0	0	0	0	0	0	0	0	0	0	0	0	0	0	0	0	8	0	0	0	0	0	0	0	0	0	0	0	0	0	0	0	0	0	0	0	0	0	0	0	0	0	0	0	0	0	0	0	0	0	0	0	0	0	0	0	0	0	300	0	0
Zotu9920	0	0	0	0	3	4	0	0	0	9	31	9	26	0	0	0	4	0	89	21	6	12	17	0	0	0	0	0	3	0	0	0	0	0	22	18	0	6	0	6	16	11	1	0	0	2	0	0	0	0	0	0	0	0	0	0	0	0	0	0	0	0	0	0	0	0	0	0	0	0	0	0	0	0	0	0	0	0	0	0	0	0	0	0	0	0	0	0	0	0	0	0	1	0	0	0	0	0	0	0	0	0	0	0	0	0	0	0	0	0	0	0	0
Zotu621	0	0	0	0	1	0	0	44	0	0	1185	0	0	507	63	1	0	0	0	21	0	0	88	0	0	0	0	0	0	0	0	0	0	0	0	0	0	0	0	0	0	0	0	0	0	0	0	0	0	0	0	0	0	0	0	0	0	0	0	0	0	0	0	0	0	0	0	0	0	0	0	0	0	0	0	0	0	0	0	0	0	0	0	0	0	18	0	0	0	0	734	520	0	671	0	0	0	0	0	0	503	628	0	525	0	246	0	0	0	0	0	0	0
Zotu10721	0	0	0	0	0	734	0	0	0	0	2859	238	0	0	0	0	0	0	0	288	214	0	0	0	0	0	0	0	0	0	0	1	0	0	132	0	0	0	0	1	0	2	0	0	0	0	0	0	0	0	0	0	0	0	0	0	0	0	1	1	0	0	0	0	0	0	0	0	0	0	0	0	0	0	0	0	30	3454	0	0	0	0	0	0	0	0	0	0	2776	439	1117	227	3732	2711	427	326	1	2023	0	286	2	0	0	0	845	237	2786	2111	223	651	2334	5344	0
Zotu9322	0	0	0	0	0	510	0	0	0	0	0	0	0	0	0	0	0	0	0	0	0	0	0	0	0	0	0	0	0	0	0	0	0	0	0	0	0	0	0	0	0	0	0	0	0	0	0	0	0	0	0	0	0	0	0	0	0	0	0	0	0	0	0	0	0	0	0	187	607	0	0	0	0	0	0	0	0	0	0	0	0	0	0	0	0	0	0	0	0	0	0	0	0	0	0	0	0	0	0	0	0	0	0	0	0	0	0	0	0	0	0	0	0
Zotu5423	0	0	0	0	0	201	0	0	0	0	3	1	1	0	0	0	0	0	0	2	2	0	0	0	0	0	0	0	0	0	0	0	0	0	13	0	0	0	0	0	0	0	0	0	0	0	0	0	0	0	0	0	0	0	0	0	0	0	0	0	0	0	0	0	0	0	0	0	0	0	0	0	0	0	0	0	3	54	0	0	0	0	0	0	0	0	0	0	0	0	1	1	6	889	76	1	0	6	0	27	0	0	0	0	0	37	6	141	0	2	4	299	0
Zotu855	0	0	0	0	0	115	0	0	0	1	651	2	0	0	0	0	0	0	0	2	0	0	0	0	0	0	0	0	0	0	0	0	0	0	0	0	0	0	0	0	0	0	0	0	0	0	0	0	0	0	0	0	0	0	0	0	0	0	0	0	0	0	0	0	0	0	0	0	0	0	0	0	0	0	0	0	4	268	0	0	0	0	0	0	0	0	0	0	0	0	349	24	147	601	50	3	0	13	0	78	0	0	0	0	0	1	392	481	46	499	552	306	0
Zotu873	0	0	0	0	0	5	0	2	0	0	9	1	0	0	0	0	0	0	0	0	0	0	0	0	0	0	0	0	0	0	0	0	0	0	0	0	0	0	0	0	0	0	0	0	0	0	0	0	0	0	0	0	0	0	0	0	0	0	0	0	0	0	0	0	0	0	0	0	0	0	0	0	0	0	0	0	3	99	0	0	0	0	0	0	0	0	0	0	4	0	5	0	193	28	1	0	0	67	0	1	0	0	0	0	1	3	60	114	70	702	698	19	0
Zotu10049	0	0	0	0	0	0	197	0	0	0	0	0	0	0	0	0	0	0	0	0	0	0	0	0	0	0	0	0	0	0	0	0	0	0	0	0	0	0	0	0	0	0	0	0	0	0	0	0	0	0	1	0	0	0	0	0	0	0	0	0	0	0	0	0	0	0	0	0	0	0	0	0	0	0	0	0	0	0	0	0	0	0	0	0	0	0	0	0	0	0	0	0	0	0	0	0	0	0	0	0	0	0	0	0	0	0	0	0	0	0	0	0	0
Zotu9987	0	0	0	0	0	0	87	1	266	0	0	0	0	0	0	34	0	0	0	0	0	0	0	0	0	0	0	0	0	0	0	0	1	0	0	0	0	0	0	0	0	0	0	0	0	0	0	0	0	0	0	0	0	0	0	0	0	0	0	0	0	0	0	0	0	0	0	0	0	0	0	0	0	0	0	0	0	0	0	0	0	0	0	0	0	0	0	0	0	0	0	0	0	0	0	0	0	0	0	0	0	0	0	0	0	0	0	0	0	0	0	0	0
Zotu9607	0	0	0	0	0	0	0	179	0	0	0	0	0	0	0	5273	0	0	0	0	0	0	0	0	0	0	0	0	0	0	0	0	0	0	0	0	0	0	0	0	0	0	0	0	0	0	0	0	0	0	0	0	0	0	0	0	0	0	0	0	0	0	0	0	0	0	0	0	0	0	0	0	0	0	0	0	0	0	0	0	0	0	0	0	0	0	0	0	0	0	0	0	0	0	0	0	0	0	0	0	0	0	0	0	0	0	0	0	0	0	0	0	0
Zotu10263	0	0	0	0	0	0	0	73	0	0	0	0	0	0	0	0	0	0	0	0	0	0	0	0	0	0	0	0	0	0	0	0	0	0	0	0	0	0	0	0	38	0	0	0	0	0	0	0	0	0	0	0	0	0	0	0	0	0	0	0	29	0	0	0	0	0	0	19	0	0	0	0	0	0	0	0	0	0	0	0	0	125	0	0	0	10	0	0	0	0	0	0	0	0	0	0	0	0	0	0	0	0	0	0	0	0	0	0	0	0	0	0	0
Zotu9837	0	0	0	0	0	0	0	2	0	903	602	0	658	450	0	0	0	0	194	977	374	0	0	57	0	0	0	0	0	0	0	0	0	0	0	0	0	0	0	0	0	0	0	0	0	0	0	0	0	0	0	0	0	0	0	0	0	0	0	1	0	0	0	0	0	0	0	0	0	0	0	0	0	0	0	0	0	3	0	0	0	0	0	0	0	0	0	0	0	0	0	0	0	0	0	0	0	0	0	0	0	0	0	0	0	0	6	0	0	1	0	0	0
Zotu9613	0	0	0	0	0	0	0	31	0	0	0	0	0	0	2038	0	2470	92	12	0	554	62	117	24	0	0	0	0	0	0	0	0	0	0	539	16	0	0	24	0	0	0	0	0	0	42	0	0	0	0	0	0	0	0	0	0	3	15	0	0	0	0	0	0	0	0	0	0	0	0	0	0	0	0	0	0	0	0	0	0	42	0	0	0	0	0	0	0	0	0	0	0	1	0	0	106	3	0	0	0	0	0	0	0	0	0	0	0	0	0	0	0	0
Zotu7892	0	0	0	0	0	0	0	3	0	0	0	0	0	0	0	0	19	3	0	0	1	0	1	0	0	0	0	0	0	0	0	0	0	0	288	0	0	0	0	0	0	0	0	0	0	34	0	0	0	0	0	0	0	0	0	0	10	12	0	0	0	0	0	0	0	0	0	0	0	0	0	0	0	0	0	0	0	0	0	0	17	0	0	0	0	0	0	0	0	0	0	0	0	0	0	0	0	0	0	0	0	0	0	0	0	0	0	0	0	0	0	0	0
Zotu5186	0	0	0	0	0	0	0	2	106	0	0	0	0	0	0	73	0	46	0	0	0	0	0	0	664	0	452	831	197	0	0	0	0	34	674	0	6	186	14	32	70	119	266	3	69	31	14	20	3	0	0	18	78	19	0	22	0	15	0	0	0	0	0	0	0	0	0	0	0	0	0	0	0	0	0	0	0	0	0	0	0	0	0	0	0	0	0	0	511	235	149	17	0	533	0	1	0	0	0	11	0	0	97	0	0	1	99	95	12	0	95	0	0
Zotu9195	0	0	0	0	0	0	0	8	0	0	0	0	0	0	0	446	0	0	0	0	0	0	0	0	0	0	0	0	0	0	0	0	63	0	0	0	0	0	0	0	0	147	0	0	0	0	0	0	0	0	0	0	0	0	0	0	0	0	1	0	0	0	0	0	0	0	0	0	0	0	0	0	0	0	0	0	0	0	0	0	0	0	0	0	0	0	0	0	0	2297	152	0	0	1523	589	1778	1946	1	4676	0	247	5993	93	0	1997	150	0	56	1101	10	791	0	0
Zotu5988	0	0	0	0	0	0	0	1	15	0	0	0	0	0	0	124	0	12	0	0	0	0	0	0	135	0	80	234	37	0	0	0	0	0	15	7	0	9	6	2	14	36	93	0	9	0	0	1	0	0	0	0	15	1	0	3	0	0	0	0	0	0	0	0	0	0	0	0	0	0	0	0	0	0	0	0	0	0	0	0	0	0	0	0	0	0	0	0	81	0	1	15	0	0	0	38	0	0	0	1	0	0	0	0	0	1	1	82	0	0	162	0	0
Zotu7947	0	0	0	0	0	0	0	0	1	0	0	0	0	0	0	0	0	0	0	0	0	0	0	0	2	0	123	0	0	0	0	0	0	0	83	0	55	0	0	0	0	0	52	0	0	0	0	1	0	1	1	0	0	0	0	0	0	0	0	0	4	250	8	93	0	0	0	0	0	1	0	0	0	0	0	0	0	0	0	0	0	0	0	0	0	0	0	0	0	0	1	0	0	0	1	0	0	0	0	0	0	0	0	0	0	0	0	0	0	0	0	0	0
Zotu9556	0	0	0	0	0	0	0	0	0	312	106	0	0	107	0	0	0	0	22	124	186	0	0	4	0	0	0	0	0	0	0	0	0	0	0	0	0	0	0	0	0	0	0	0	0	0	0	0	0	0	0	0	0	0	0	0	0	0	0	0	0	0	0	0	0	0	0	0	0	0	0	0	0	0	0	0	0	0	0	0	0	0	0	0	0	0	0	0	0	0	0	0	0	0	0	0	0	0	0	0	0	0	0	0	0	0	0	0	0	0	0	0	0
Zotu7205	0	0	0	0	0	0	0	0	0	0	179	0	0	0	0	0	4828	0	146	355	0	0	46	0	0	0	0	0	0	0	0	0	0	0	0	0	0	0	0	0	0	0	0	0	0	0	0	0	0	0	0	0	0	0	0	0	0	0	0	0	0	0	0	0	0	0	0	0	0	0	0	0	0	0	0	0	0	0	0	0	0	0	0	0	0	0	0	0	0	0	0	0	0	0	0	0	0	0	0	0	0	0	0	0	0	0	0	0	0	0	0	0	0
Zotu9100	0	0	0	0	0	0	0	0	0	0	2954	0	1352	0	0	0	2279	0	1290	0	0	3254	248	42	0	0	0	0	0	0	0	0	0	0	0	0	0	0	0	0	0	0	0	0	0	0	0	0	0	0	0	0	0	0	0	0	0	0	0	0	0	0	0	0	0	0	0	0	0	0	0	1	0	0	0	0	0	0	0	0	0	0	0	0	0	0	0	0	0	0	0	0	0	0	0	0	0	0	0	0	0	0	0	0	0	0	0	0	0	0	0	0	0
Zotu5313	0	0	0	0	0	0	0	0	0	0	1	0	0	0	0	0	117	0	0	0	0	0	0	0	0	0	0	0	0	0	0	0	0	0	0	0	0	0	0	0	0	0	0	0	0	0	0	0	0	0	0	0	0	0	0	0	0	0	0	0	0	0	0	0	0	0	0	0	0	0	0	0	0	0	0	0	0	0	0	0	0	0	0	0	0	0	0	0	0	0	0	0	0	0	0	0	0	0	0	0	0	0	0	0	0	0	0	0	0	0	0	0	0
Zotu7409	0	0	0	0	0	0	0	0	0	0	1	0	0	0	0	0	0	0	0	0	0	0	0	0	0	0	0	0	0	0	0	0	0	0	0	0	0	0	0	0	0	0	0	0	0	0	0	0	0	0	0	0	0	0	0	0	0	0	0	1	0	0	0	0	113	21	59	11	6	9	0	1	5	0	0	0	12	4	0	13	0	0	0	3	2	6402	113	26	0	0	0	0	0	2	0	1	0	0	0	30	0	0	0	0	1	0	0	0	1	0	0	0	0
Zotu11858	0	0	0	0	0	0	0	0	0	0	0	258	0	0	0	0	0	0	0	0	0	0	0	0	0	0	0	108	0	0	0	0	0	0	0	0	0	0	0	0	0	0	0	1	0	0	0	0	0	0	0	0	0	0	0	0	0	0	0	0	0	15	0	0	0	0	0	24	38	0	0	10	0	0	0	0	0	0	0	0	0	0	54	0	0	0	0	0	323	0	0	0	0	0	0	0	0	0	0	0	0	0	0	0	0	0	0	0	0	0	0	0	0
Zotu5785	0	0	0	0	0	0	0	0	0	0	0	0	96	0	0	0	0	0	0	0	0	0	0	0	0	0	0	0	0	0	0	0	0	0	0	0	0	0	0	0	0	0	0	0	0	0	0	0	0	0	0	0	0	0	0	0	0	0	0	0	0	0	0	0	0	0	0	0	0	0	0	0	0	0	0	0	0	0	0	0	0	0	0	0	0	0	0	0	0	0	0	0	0	0	0	0	0	0	0	0	0	0	0	0	0	0	0	0	0	0	0	0	0
Zotu9408	0	0	0	0	0	0	0	0	0	0	0	0	0	33	0	0	0	231	0	167	0	715	0	0	0	0	0	0	0	0	0	0	0	0	0	0	0	0	0	0	0	0	0	0	0	0	0	0	0	0	0	0	0	0	0	0	0	0	0	0	0	0	0	0	0	0	0	0	0	0	0	0	0	0	0	0	0	0	0	0	0	0	0	0	0	0	0	0	0	0	0	0	0	0	0	0	0	0	0	0	0	0	0	0	0	0	0	0	0	0	0	0	0
Zotu9409	0	0	0	0	0	0	0	0	0	0	0	0	0	57	0	0	0	16	0	0	0	70	0	0	0	0	0	0	0	0	0	0	0	0	0	0	0	0	0	0	0	0	0	0	0	0	0	0	0	0	0	0	0	0	0	0	0	0	0	0	0	0	0	0	0	0	0	0	0	0	0	0	0	0	0	0	0	0	0	0	0	0	0	0	0	0	0	0	0	0	0	0	0	0	0	0	0	0	0	0	0	0	0	0	0	0	0	0	0	0	0	0	0
Zotu9563	0	0	0	0	0	0	0	0	0	0	0	0	0	118	0	0	0	0	0	0	534	0	0	0	0	0	0	0	0	0	0	0	0	0	0	0	0	0	0	0	0	0	0	0	0	0	0	0	0	0	0	0	0	0	0	0	0	0	0	0	0	0	0	0	0	0	0	0	0	0	0	0	0	0	0	0	0	0	0	0	0	0	0	0	0	0	0	0	0	0	0	0	0	0	0	0	0	0	0	0	0	0	0	0	0	0	0	0	0	0	0	0	0
Zotu8216	0	0	0	0	0	0	0	0	0	0	0	0	0	20	0	0	0	0	0	0	0	0	0	0	0	0	0	0	0	0	0	0	0	0	0	1	0	0	0	0	0	0	0	0	0	0	0	0	0	0	0	0	0	0	0	0	0	0	0	0	0	0	0	0	0	0	0	0	1	0	0	1	0	0	0	0	0	0	0	0	0	0	0	0	0	0	0	0	0	290	0	0	0	0	0	0	0	0	0	0	0	0	0	0	1	0	0	0	0	0	0	0	0
Zotu752	0	0	0	0	0	0	0	0	0	0	0	0	0	0	623	0	1106	0	0	0	301	165	181	33	0	0	0	0	0	0	0	0	0	0	0	0	0	0	120	0	0	0	0	0	0	0	0	0	0	0	0	0	0	0	0	0	0	0	0	0	0	0	0	0	0	0	0	0	0	0	0	0	0	0	0	0	0	0	0	0	40	0	0	0	0	0	0	0	0	0	0	0	0	0	0	0	0	0	0	0	0	0	0	0	0	0	0	0	0	0	0	0	0
Zotu9723	0	0	0	0	0	0	0	0	0	0	0	0	0	0	0	1	0	0	0	0	0	0	0	0	0	105	0	0	0	0	67	0	220	0	0	0	0	0	0	0	0	0	0	0	0	0	0	38	0	8	7	0	17	0	0	0	0	0	145	0	407	0	789	1	0	0	0	0	0	0	0	0	0	0	0	0	0	0	0	0	0	0	0	0	0	0	0	0	616	966	1	0	0	0	92	190	0	195	0	80	0	0	0	0	0	0	0	0	0	165	0	0	0
Zotu9356	0	0	0	0	0	0	0	0	0	0	0	0	0	0	0	0	410	0	22	0	0	0	0	0	0	0	0	0	0	0	0	0	0	0	0	0	0	0	0	0	0	0	0	0	0	0	0	0	0	0	0	0	0	0	0	0	0	0	0	0	0	0	0	0	0	0	0	0	0	0	0	0	0	0	0	0	0	0	0	0	0	0	0	0	0	0	0	0	0	0	0	0	0	0	0	0	0	0	0	0	0	0	0	0	0	0	0	0	0	0	0	0	0
Zotu9611	0	0	0	0	0	0	0	0	0	0	0	0	0	0	0	0	1	0	0	0	1	0	0	0	0	0	0	0	0	0	0	0	0	0	1	0	0	0	0	0	0	0	0	0	0	0	0	0	0	0	0	0	0	0	0	0	0	0	0	0	0	0	0	0	0	0	0	0	0	0	0	0	0	0	0	0	0	0	0	0	0	0	0	0	0	0	0	0	0	0	0	0	2	0	23	0	1	0	0	0	0	8	0	10	0	1	0	1	1	1	15	1	0
Zotu9653	0	0	0	0	0	0	0	0	0	0	0	0	0	0	0	0	1	0	0	0	0	0	335	0	0	0	0	0	0	0	0	0	0	0	0	0	0	0	0	0	77	0	0	0	946	29	2	0	0	0	0	0	750	0	1	29	23	6	0	0	0	0	0	0	3	74	0	4	152	97	100	6	3	37	60	14	5	275	231	166	159	1	387	107	539	23	295	48	0	0	0	0	0	22	0	0	0	0	0	0	0	0	0	0	0	0	0	1	3	0	0	0	0
Zotu11324	0	0	0	0	0	0	0	0	0	0	0	0	0	0	0	0	0	0	40	0	0	0	0	0	0	0	0	0	0	0	0	0	0	0	0	0	0	0	0	0	0	0	0	0	0	0	0	0	0	0	0	0	0	0	0	0	0	0	0	0	0	0	0	0	0	0	0	0	0	0	0	0	0	0	0	0	0	0	0	0	0	0	0	0	0	0	0	0	0	0	0	0	0	0	0	0	0	0	0	0	0	0	0	0	0	0	0	0	0	0	0	0	0
Zotu8197	0	0	0	0	0	0	0	0	0	0	0	0	0	0	0	0	0	0	0	1	0	0	0	0	101	399	2738	928	140	862	174	1306	113	0	3	26	814	219	1187	751	346	2157	8	571	0	11	72	20	4	6	12	40	23	0	0	0	0	0	507	929	150	25	3	528	0	0	0	0	1	0	0	0	0	0	0	0	1	0	0	0	0	0	0	0	0	0	0	0	0	0	0	0	0	0	0	0	0	0	0	0	0	0	0	0	0	0	0	0	0	0	0	0	3
Zotu5593	0	0	0	0	0	0	0	0	0	0	0	0	0	0	0	0	0	0	0	0	273	0	0	0	0	0	0	0	0	0	0	0	0	0	0	0	0	0	0	0	0	0	0	0	0	0	1	0	0	0	0	0	0	0	0	0	0	0	0	0	0	0	0	0	0	0	0	0	0	0	0	0	0	0	0	0	0	0	0	0	0	0	0	0	0	0	0	0	0	0	0	0	0	0	0	0	0	0	0	0	0	0	0	0	0	0	0	0	0	0	0	0	0
Zotu7625	0	0	0	0	0	0	0	0	0	0	0	0	0	0	0	0	0	0	0	0	212	0	0	0	0	0	0	0	0	0	0	0	0	0	0	0	0	0	0	0	0	0	0	0	0	0	0	0	0	0	0	0	0	0	0	0	0	0	0	0	0	0	0	0	0	0	0	0	0	0	0	0	0	0	0	0	0	0	0	0	0	0	0	0	0	0	0	0	0	0	0	0	0	0	0	0	0	0	0	0	0	0	0	0	0	0	0	0	0	0	0	0	0
Zotu8523	0	0	0	0	0	0	0	0	0	0	0	0	0	0	0	0	0	0	0	0	115	0	9	0	0	0	0	0	0	0	0	0	0	0	0	0	0	0	0	0	0	0	0	0	0	0	0	0	0	0	0	0	0	0	0	0	0	0	0	0	0	0	0	0	0	0	0	0	0	0	0	0	0	0	0	0	0	0	0	0	0	0	0	0	0	0	0	0	0	0	0	0	0	0	0	0	0	0	0	0	0	0	0	0	0	0	0	0	0	0	0	0	0
Zotu8965	0	0	0	0	0	0	0	0	0	0	0	0	0	0	0	0	0	0	0	0	0	0	0	0	5	2	136	10	0	34	51	13	4	0	0	0	34	7	152	10	9	29	0	2	0	0	0	2	1	0	0	5	1	0	0	0	0	0	16	52	6	3	0	38	0	0	0	0	0	0	0	0	0	0	0	0	0	0	0	0	0	0	0	0	0	0	0	0	0	0	0	0	0	0	0	0	0	0	0	0	0	0	0	0	0	0	0	0	0	0	0	0	0
Zotu3268	0	0	0	0	0	0	0	0	0	0	0	0	0	0	0	0	0	0	0	0	0	0	0	0	4	0	69	32	0	0	0	0	0	0	2	0	0	0	28	35	12	3	350	0	0	0	26	0	0	0	0	0	0	0	0	0	0	0	0	0	0	0	0	0	0	0	0	0	0	0	0	0	0	0	0	0	0	0	0	0	0	0	0	0	0	0	0	0	0	0	0	0	0	0	0	0	0	1	0	0	1	179	0	1	0	0	0	0	0	0	0	0	0
Zotu9357	0	0	0	0	0	0	0	0	0	0	0	0	0	0	0	0	0	0	0	0	0	0	0	0	3	0	85	125	0	0	0	0	0	0	2	0	10	0	23	29	1	23	440	0	0	0	0	0	0	0	0	0	0	0	0	0	0	0	0	0	0	0	0	0	0	0	0	0	0	0	0	0	0	0	0	0	0	0	0	0	0	0	0	0	0	0	0	0	0	0	0	0	0	0	0	0	0	4	1	1	0	0	0	0	0	0	0	0	0	0	0	0	0
Zotu10236	0	0	0	0	0	0	0	0	0	0	0	0	0	0	0	0	0	0	0	0	0	0	0	0	1	0	0	0	0	0	49	0	0	0	0	0	0	0	0	1	0	0	0	0	0	0	0	0	0	0	0	0	0	0	0	0	0	0	0	0	0	0	0	0	0	0	0	0	0	0	0	0	0	0	0	0	0	0	0	0	0	0	0	0	0	0	0	0	0	0	0	0	0	0	0	0	0	0	0	0	0	0	0	0	0	0	0	0	0	0	0	0	0
Zotu5287	0	0	0	0	0	0	0	0	0	0	0	0	0	0	0	0	0	0	0	0	0	0	0	0	1	90	0	0	0	0	40	0	0	0	0	0	0	0	0	0	0	0	0	0	0	0	0	0	0	0	0	0	0	0	0	0	0	0	0	0	0	0	0	0	0	0	0	0	0	0	0	0	0	0	0	0	0	0	0	0	0	0	0	0	0	0	0	0	0	0	0	0	0	0	0	0	0	0	0	0	0	0	0	0	0	0	0	0	0	0	0	0	0
Zotu9539	0	0	0	0	0	0	0	0	0	0	0	0	0	0	0	0	0	0	0	0	0	0	0	0	0	215	0	0	0	0	209	0	1386	0	0	0	0	0	0	0	0	0	0	0	0	0	0	163	0	57	56	1	3	0	0	0	0	0	986	0	2598	51	5691	1	0	0	0	0	0	0	1	0	0	0	0	0	0	0	0	0	0	0	0	0	0	0	0	0	1053	3192	262	60	0	0	898	1147	0	26	1021	45	0	0	516	458	0	0	0	0	144	268	0	0	29
Zotu11164	0	0	0	0	0	0	0	0	0	0	0	0	0	0	0	0	0	0	0	0	0	0	0	0	0	31	0	4	0	0	0	0	0	0	0	0	0	0	1	0	0	0	0	0	7	0	0	0	0	0	0	0	0	0	0	0	0	0	0	0	0	0	0	0	0	0	0	0	1	0	0	0	0	0	0	0	0	0	0	0	0	0	0	0	0	0	0	0	0	0	0	0	0	0	0	0	0	0	0	0	0	0	0	0	0	0	0	0	0	0	0	0	0
Zotu897	0	0	0	0	0	0	0	0	0	0	0	0	0	0	0	0	0	0	0	0	0	0	0	0	0	14	0	0	0	0	8	29	1	2760	63	0	2	0	14	251	0	7	0	0	0	0	0	0	0	0	0	0	0	0	0	0	0	0	0	0	0	0	0	0	0	0	0	0	0	0	0	0	0	0	0	0	0	0	0	0	0	0	0	0	0	0	0	0	0	0	0	0	0	0	0	0	0	0	0	0	0	0	0	0	0	0	0	0	0	0	0	0	0
Zotu9851	0	0	0	0	0	0	0	0	0	0	0	0	0	0	0	0	0	0	0	0	0	0	0	0	0	1	5	36	0	9	2	11	146	1	15	0	1	0	35	39	6	3	0	0	0	3	0	11	1	2	3	2	1	30	15	97	45	35	49	4	2	90	19	148	0	0	0	0	2	0	0	0	0	0	0	0	0	0	0	0	0	0	0	0	0	0	0	0	0	0	107	0	0	0	0	0	0	1	0	0	0	1	0	0	0	0	21	1	0	0	0	0	43
Zotu11458	0	0	0	0	0	0	0	0	0	0	0	0	0	0	0	0	0	0	0	0	0	0	0	0	0	0	154	0	0	0	0	0	0	96	610	38	1	0	0	1	0	0	173	2187	0	0	124	4	29	115	0	57	0	0	0	0	0	0	0	0	1	192	0	0	0	0	0	0	0	0	0	0	0	0	0	0	0	0	0	0	0	0	0	0	0	0	0	0	0	0	0	96	0	0	2279	349	23	0	2	0	1	0	0	910	686	0	0	1	0	0	0	0	0
Zotu3813	0	0	0	0	0	0	0	0	0	0	0	0	0	0	0	0	0	0	0	0	0	0	0	0	0	0	19	27	0	0	0	0	0	0	105	0	0	5	14	19	3	2	44	0	0	0	1	0	0	0	0	0	0	0	0	0	0	0	0	0	0	0	0	0	0	0	0	0	0	0	0	0	0	0	0	0	0	0	0	0	0	0	0	0	0	0	0	0	1	0	0	23	0	0	0	0	0	0	145	0	0	3	0	0	0	0	0	0	0	0	0	0	0
Zotu6429	0	0	0	0	0	0	0	0	0	0	0	0	0	0	0	0	0	0	0	0	0	0	0	0	0	0	0	21	0	0	0	1	0	0	0	0	0	0	0	8	0	2	0	102	0	17	1	0	0	0	0	0	0	0	0	0	0	0	0	0	0	0	0	2	0	0	0	0	0	0	0	0	0	0	0	0	0	0	0	0	0	0	0	0	0	0	0	0	0	0	0	0	0	0	0	0	0	0	0	0	0	0	0	0	0	0	0	0	0	0	0	0	0
Zotu9896	0	0	0	0	0	0	0	0	0	0	0	0	0	0	0	0	0	0	0	0	0	0	0	0	0	0	0	1	0	0	0	0	0	0	136	331	0	0	0	2	0	1	835	0	0	0	0	0	0	0	0	0	0	0	0	0	0	0	0	0	0	0	0	0	0	0	0	0	0	0	0	0	0	0	0	0	0	0	0	0	0	0	0	0	0	0	0	0	0	0	0	13	0	0	0	0	0	0	0	0	0	0	0	0	0	61	0	0	2	425	46	0	0
Zotu11166	0	0	0	0	0	0	0	0	0	0	0	0	0	0	0	0	0	0	0	0	0	0	0	0	0	0	0	33	0	0	0	0	0	0	0	0	0	0	0	0	0	0	0	0	0	0	0	0	0	0	0	0	0	0	0	0	0	0	0	0	0	0	0	0	0	0	0	0	0	0	0	0	0	0	0	0	0	0	0	0	0	0	0	0	0	0	0	0	0	0	0	0	0	0	0	0	0	0	0	0	0	0	0	0	0	0	0	0	0	0	0	0	0
Zotu9295	0	0	0	0	0	0	0	0	0	0	0	0	0	0	0	0	0	0	0	0	0	0	0	0	0	0	0	70	3	5	0	0	0	0	0	0	0	0	0	0	0	0	53	0	0	0	0	0	0	0	0	0	0	0	0	0	0	0	0	0	0	6	0	0	11	0	0	19	0	0	0	12	0	0	0	0	0	0	0	0	0	0	118	0	0	0	0	0	0	0	1	0	0	0	0	0	0	0	0	0	0	0	0	0	0	0	0	0	0	0	0	0	0
Zotu9262	0	0	0	0	0	0	0	0	0	0	0	0	0	0	0	0	0	0	0	0	0	0	0	0	0	0	0	14	0	2	0	0	0	0	0	0	2	0	0	0	8	0	0	160	0	0	0	0	0	0	0	0	0	0	0	0	0	0	0	0	0	0	0	0	0	0	0	0	0	0	0	0	0	0	0	0	0	0	0	0	0	0	0	0	0	0	0	0	0	0	0	0	34	0	0	0	0	0	0	0	0	0	0	0	0	0	0	0	0	0	0	0	0
Zotu8728	0	0	0	0	0	0	0	0	0	0	0	0	0	0	0	0	0	0	0	0	0	0	0	0	0	0	0	5	0	0	0	0	0	0	0	0	0	0	0	0	0	0	0	45	0	0	17	0	0	0	0	0	0	0	0	0	0	0	0	0	0	0	0	0	0	0	0	0	0	0	0	0	0	0	0	0	0	0	0	0	0	0	0	0	0	0	0	0	0	0	0	0	0	0	0	0	0	0	0	0	0	0	0	0	0	0	0	0	0	0	0	0	0
Zotu10503	0	0	0	0	0	0	0	0	0	0	0	0	0	0	0	0	0	0	0	0	0	0	0	0	0	0	0	0	2	0	0	0	0	0	0	0	0	0	0	0	0	0	0	47	0	0	0	0	0	0	0	0	0	0	0	0	0	0	0	0	0	0	0	0	0	0	0	0	0	0	0	0	0	0	0	0	0	0	0	0	0	0	0	0	0	0	0	0	0	0	0	0	0	0	0	0	0	0	0	0	0	0	0	0	0	0	0	0	0	0	0	0	0
Zotu10971	0	0	0	0	0	0	0	0	0	0	0	0	0	0	0	0	0	0	0	0	0	0	0	0	0	0	0	0	0	1	0	1	0	0	0	0	9	0	0	0	0	0	0	37	0	5	0	0	0	0	0	0	0	0	0	0	0	0	0	0	0	0	0	0	0	0	0	0	0	0	0	0	0	0	0	0	0	0	0	0	0	0	0	0	0	0	0	0	0	0	0	0	0	0	0	0	0	0	0	0	0	0	0	0	0	0	0	0	0	0	0	0	0
Zotu6409	0	0	0	0	0	0	0	0	0	0	0	0	0	0	0	0	0	0	0	0	0	0	0	0	0	0	0	0	0	0	0	0	1	0	0	20	3880	9	0	0	363	0	0	7464	0	31	445	0	0	0	0	0	0	0	0	0	0	0	0	0	0	0	0	0	0	1	0	0	0	0	0	0	0	0	0	0	0	0	0	0	0	0	0	0	0	0	0	0	0	0	0	0	0	0	0	0	0	0	0	0	0	0	0	0	0	0	0	0	0	0	0	0	0
Zotu7771	0	0	0	0	0	0	0	0	0	0	0	0	0	0	0	0	0	0	0	0	0	0	0	0	0	0	0	0	0	0	0	0	2	0	0	0	0	0	0	0	0	0	0	0	0	0	0	1	0	0	1	0	0	0	0	0	0	0	5	0	8	0	17	0	0	0	0	0	0	0	0	0	0	0	0	0	0	0	0	0	0	0	0	0	0	0	0	0	183	200	2	12	0	0	0	4	0	0	48	26	0	0	275	139	0	0	0	0	1	350	0	0	0
Zotu9529	0	0	0	0	0	0	0	0	0	0	0	0	0	0	0	0	0	0	0	0	0	0	0	0	0	0	0	0	0	0	0	0	0	1143	2004	133	230	244	447	2216	436	1013	119	373	51	101	0	0	0	0	0	0	0	0	134	0	0	0	0	0	0	0	0	1587	0	0	0	0	0	0	0	0	0	0	0	0	0	0	0	0	0	0	0	0	0	0	0	0	547	0	678	71	883	0	180	0	0	536	285	149	302	5	0	285	0	41	350	0	130	0	613	501	2
Zotu7748	0	0	0	0	0	0	0	0	0	0	0	0	0	0	0	0	0	0	0	0	0	0	0	0	0	0	0	0	0	0	0	0	0	146	311	2	50	18	97	297	42	199	36	2	12	0	0	0	0	0	0	0	0	0	2	0	0	0	0	0	0	0	0	189	0	0	0	0	0	0	0	0	0	0	0	0	0	0	0	0	0	0	0	0	0	0	0	0	2	0	99	63	177	0	0	0	0	178	169	0	46	0	0	0	0	1	145	0	32	0	4	190	0
Zotu11493	0	0	0	0	0	0	0	0	0	0	0	0	0	0	0	0	0	0	0	0	0	0	0	0	0	0	0	0	0	0	0	0	0	28	0	0	0	0	0	0	0	0	0	0	0	0	0	0	0	0	0	0	0	0	0	0	0	0	0	0	0	0	0	0	0	0	0	0	0	0	0	0	0	0	0	0	0	0	0	0	0	0	0	0	0	0	0	0	0	0	0	0	0	0	0	0	0	0	0	0	0	0	0	0	0	0	0	0	0	0	0	0	0
Zotu8192	0	0	0	0	0	0	0	0	0	0	0	0	0	0	0	0	0	0	0	0	0	0	0	0	0	0	0	0	0	0	0	0	0	0	46	187	0	0	0	0	0	0	151	0	0	0	0	0	0	0	0	0	0	0	0	0	0	0	0	0	0	0	0	0	0	0	0	0	0	0	0	0	0	0	0	0	0	0	0	0	0	0	0	0	0	0	0	0	0	0	0	0	0	0	0	0	0	0	0	0	0	0	0	0	0	0	0	1	0	139	100	0	0
Zotu6276	0	0	0	0	0	0	0	0	0	0	0	0	0	0	0	0	0	0	0	0	0	0	0	0	0	0	0	0	0	0	0	0	0	0	1	1	0	0	0	0	0	0	0	0	0	0	0	0	0	0	0	0	0	0	0	0	0	0	0	0	0	0	0	0	0	0	0	0	0	0	0	0	0	0	0	0	0	0	0	0	0	0	0	1	0	0	0	0	10	9	0	2	1	1	31	20	0	0	3	0	1	5	9	3	2	0	15	0	0	10	3	5	0
Zotu8565	0	0	0	0	0	0	0	0	0	0	0	0	0	0	0	0	0	0	0	0	0	0	0	0	0	0	0	0	0	0	0	0	0	0	0	1799	0	0	0	0	0	0	0	0	0	0	0	0	0	0	0	0	0	0	0	15	7	0	0	1	2804	603	772	3015	2	0	0	1	2	0	0	0	0	0	0	0	0	0	0	0	0	0	0	0	0	0	0	0	107	789	0	0	58	157	1988	921	526	94	128	39	0	0	33	293	0	0	0	0	0	782	221	0	6
Zotu9866	0	0	0	0	0	0	0	0	0	0	0	0	0	0	0	0	0	0	0	0	0	0	0	0	0	0	0	0	0	0	0	0	0	0	0	155	0	0	0	0	0	0	53	0	0	0	8	0	0	0	0	0	0	0	0	0	0	0	0	0	0	0	0	0	0	0	0	0	0	0	0	0	0	0	0	0	0	0	0	0	0	0	0	0	0	0	0	0	388	0	1	0	5	3	1	190	58	0	0	0	244	0	600	0	1	0	0	0	0	0	8	0	0
Zotu8351	0	0	0	0	0	0	0	0	0	0	0	0	0	0	0	0	0	0	0	0	0	0	0	0	0	0	0	0	0	0	0	0	0	0	0	0	607	0	0	0	107	0	0	1376	0	1	38	0	0	0	0	0	0	0	0	0	0	0	0	0	0	0	0	0	0	0	0	0	0	0	0	0	0	0	0	0	0	0	0	0	0	0	0	0	0	0	0	0	0	0	0	0	0	0	0	0	0	0	0	0	0	0	0	0	0	0	0	0	0	0	0	0	0
Zotu5709	0	0	0	0	0	0	0	0	0	0	0	0	0	0	0	0	0	0	0	0	0	0	0	0	0	0	0	0	0	0	0	0	0	0	0	0	10	0	2	7	267	0	0	0	0	0	0	0	0	0	0	0	0	0	0	0	0	0	0	0	0	0	0	0	0	0	0	0	0	0	0	0	0	0	0	0	0	0	0	0	0	0	0	0	0	0	0	0	0	0	0	0	0	0	0	0	0	0	0	0	0	0	0	0	0	0	0	0	0	0	0	0	0
Zotu10743	0	0	0	0	0	0	0	0	0	0	0	0	0	0	0	0	0	0	0	0	0	0	0	0	0	0	0	0	0	0	0	0	0	0	0	0	0	0	5	0	24	0	0	0	0	0	0	0	0	0	0	0	0	0	98	382	0	11	495	186	0	58	7	175	0	0	0	0	0	0	0	0	0	0	0	0	35	0	0	0	76	0	0	0	0	0	0	0	0	0	0	0	0	0	0	0	0	0	0	0	0	0	0	0	0	0	2	0	0	0	0	0	15
Zotu6503	0	0	0	0	0	0	0	0	0	0	0	0	0	0	0	0	0	0	0	0	0	0	0	0	0	0	0	0	0	0	0	0	0	0	0	0	0	0	0	0	0	0	0	27	0	3	0	0	0	0	0	0	0	0	0	0	0	0	0	0	0	0	0	0	0	0	0	0	0	0	0	0	0	0	0	0	0	0	0	0	0	0	0	0	0	0	0	0	5	21	0	0	4	0	7	1	30	0	0	4	0	38	80	20	193	0	0	2	0	68	447	16	0
Zotu772	0	0	0	0	0	0	0	0	0	0	0	0	0	0	0	0	0	0	0	0	0	0	0	0	0	0	0	0	0	0	0	0	0	0	0	0	0	0	0	0	0	0	0	435	0	0	7	0	0	0	0	0	0	0	0	0	0	0	0	0	0	0	0	0	0	0	0	0	0	0	0	0	0	0	0	0	0	0	0	0	0	0	0	0	0	0	0	0	241	0	27	0	479	0	6	0	8	1404	653	101	8	798	0	564	0	9	0	0	227	0	0	0	0
Zotu9258	0	0	0	0	0	0	0	0	0	0	0	0	0	0	0	0	0	0	0	0	0	0	0	0	0	0	0	0	0	0	0	0	0	0	0	0	0	0	0	0	0	0	0	614	5	0	0	0	0	0	0	0	0	11	0	0	0	0	0	0	0	62	0	149	0	0	0	0	0	0	0	0	0	0	0	0	0	0	0	0	0	0	0	0	0	0	0	0	0	1	2	0	0	0	0	0	0	0	0	0	0	0	0	0	0	0	0	0	0	0	0	0	0
Zotu8256	0	0	0	0	0	0	0	0	0	0	0	0	0	0	0	0	0	0	0	0	0	0	0	0	0	0	0	0	0	0	0	0	0	0	0	0	0	0	0	0	0	0	0	0	113	0	0	0	0	0	0	62	0	0	0	0	0	0	0	0	0	0	0	0	0	0	0	0	0	0	0	0	0	0	0	0	0	0	0	0	0	0	0	0	0	0	0	0	0	0	0	4	0	997	0	0	87	70	0	0	0	0	0	466	0	0	6	0	38	0	0	0	0
Zotu98	0	0	0	0	0	0	0	0	0	0	0	0	0	0	0	0	0	0	0	0	0	0	0	0	0	0	0	0	0	0	0	0	0	0	0	0	0	0	0	0	0	0	0	0	0	0	0	357	939	78	3009	543	1226	0	184	13	0	0	129	1796	706	1235	673	0	0	0	0	0	0	0	0	0	0	0	0	0	0	0	0	0	0	0	0	0	0	0	0	0	1	625	1771	0	661	0	0	0	0	782	0	305	0	804	0	200	0	0	0	0	0	0	0	0	8
Zotu9246	0	0	0	0	0	0	0	0	0	0	0	0	0	0	0	0	0	0	0	0	0	0	0	0	0	0	0	0	0	0	0	0	0	0	0	0	0	0	0	0	0	0	0	0	0	0	0	57	0	0	0	0	836	38	186	0	0	0	0	0	0	0	0	0	0	0	0	0	0	0	0	0	0	0	0	0	0	0	0	0	0	0	0	0	0	0	0	0	0	0	0	0	0	0	0	0	0	0	0	0	0	0	0	0	0	0	0	0	0	0	0	0	0
Zotu8538	0	0	0	0	0	0	0	0	0	0	0	0	0	0	0	0	0	0	0	0	0	0	0	0	0	0	0	0	0	0	0	0	0	0	0	0	0	0	0	0	0	0	0	0	0	0	0	0	0	629	153	350	5	0	0	0	0	0	0	0	0	40	0	7	0	0	0	0	0	0	0	0	0	0	0	0	0	0	0	0	0	0	0	0	0	0	0	0	0	0	0	0	0	0	0	0	0	0	0	0	0	0	0	0	0	0	0	0	0	0	0	0	0
Zotu8526	0	0	0	0	0	0	0	0	0	0	0	0	0	0	0	0	0	0	0	0	0	0	0	0	0	0	0	0	0	0	0	0	0	0	0	0	0	0	0	0	0	0	0	0	0	0	0	0	0	0	105	0	0	0	0	0	0	0	0	0	0	0	0	0	0	0	0	0	0	0	0	0	0	0	0	0	0	0	0	0	0	0	7	0	0	0	0	0	0	0	0	0	0	0	0	0	0	0	0	0	0	0	0	0	0	0	0	0	0	0	0	0	0
Zotu6314	0	0	0	0	0	0	0	0	0	0	0	0	0	0	0	0	0	0	0	0	0	0	0	0	0	0	0	0	0	0	0	0	0	0	0	0	0	0	0	0	0	0	0	0	0	0	0	0	0	0	0	0	0	5091	0	0	136	0	0	0	0	0	0	0	0	0	0	0	0	0	0	0	0	0	0	0	0	0	0	0	0	0	0	0	0	0	0	0	0	0	0	0	0	0	0	0	0	0	0	0	0	0	0	0	0	0	0	0	0	0	0	0	3915
Zotu9106	0	0	0	0	0	0	0	0	0	0	0	0	0	0	0	0	0	0	0	0	0	0	0	0	0	0	0	0	0	0	0	0	0	0	0	0	0	0	0	0	0	0	0	0	0	0	0	0	0	0	0	0	0	573	733	0	838	149	67	158	240	2663	51	171	0	0	0	0	2	0	0	0	0	0	0	0	0	0	0	0	0	0	0	0	0	0	0	0	0	0	0	0	0	0	0	0	0	0	0	0	0	0	0	0	0	0	0	0	0	0	0	0	218
Zotu11467	0	0	0	0	0	0	0	0	0	0	0	0	0	0	0	0	0	0	0	0	0	0	0	0	0	0	0	0	0	0	0	0	0	0	0	0	0	0	0	0	0	0	0	0	0	0	0	0	0	0	0	0	0	267	125	0	124	32	22	38	91	410	20	194	0	0	0	0	0	0	0	0	0	0	0	0	0	0	0	0	0	0	0	0	0	0	0	0	0	0	0	0	0	0	0	0	0	0	0	0	0	0	0	0	0	0	0	0	0	0	0	0	142
Zotu5928	0	0	0	0	0	0	0	0	0	0	0	0	0	0	0	0	0	0	0	0	0	0	0	0	0	0	0	0	0	0	0	0	0	0	0	0	0	0	0	0	0	0	0	0	0	0	0	0	0	0	0	0	0	234	354	0	3	5	0	0	0	0	0	0	0	0	0	0	0	0	0	0	0	0	0	0	0	0	0	0	0	0	0	0	0	0	0	0	0	0	0	0	0	0	0	0	0	0	0	0	0	0	0	0	0	0	0	0	0	0	0	0	297
Zotu8864	0	0	0	0	0	0	0	0	0	0	0	0	0	0	0	0	0	0	0	0	0	0	0	0	0	0	0	0	0	0	0	0	0	0	0	0	0	0	0	0	0	0	0	0	0	0	0	0	0	0	0	0	0	34	565	248	23	264	0	0	0	0	0	0	0	0	0	0	0	0	0	0	0	0	0	0	0	0	0	0	0	0	0	0	0	0	0	0	0	0	0	0	0	0	0	0	0	0	0	0	0	0	0	0	0	0	0	0	0	0	0	0	70
Zotu9486	0	0	0	0	0	0	0	0	0	0	0	0	0	0	0	0	0	0	0	0	0	0	0	0	0	0	0	0	0	0	0	0	0	0	0	0	0	0	0	0	0	0	0	0	0	0	0	0	0	0	0	0	0	62	2381	283	44	476	0	0	0	0	0	0	0	0	0	0	0	1	0	0	0	0	0	0	0	0	0	0	0	0	0	0	0	0	0	0	0	0	0	0	0	0	0	0	0	0	0	0	0	0	0	0	0	0	0	0	0	0	0	0	268
Zotu2501	0	0	0	0	0	0	0	0	0	0	0	0	0	0	0	0	0	0	0	0	0	0	0	0	0	0	0	0	0	0	0	0	0	0	0	0	0	0	0	0	0	0	0	0	0	0	0	0	0	0	0	0	0	18	180	0	46	6	0	0	0	0	0	308	1	0	0	0	0	0	0	0	0	0	0	0	0	0	0	0	0	0	0	0	0	1	0	0	0	0	0	81	0	2738	0	0	0	0	2059	0	138	219	0	1	0	72	0	263	8	0	0	0	155
Zotu9352	0	0	0	0	0	0	0	0	0	0	0	0	0	0	0	0	0	0	0	0	0	0	0	0	0	0	0	0	0	0	0	0	0	0	0	0	0	0	0	0	0	0	0	0	0	0	0	0	0	0	0	0	0	51	948	172	24	246	0	0	0	0	0	0	0	0	0	0	0	0	0	0	0	0	0	0	0	0	0	0	0	0	0	0	0	0	0	0	0	0	0	0	0	0	0	0	0	0	0	0	0	0	0	0	0	0	0	0	0	0	0	0	145
Zotu7923	0	0	0	0	0	0	0	0	0	0	0	0	0	0	0	0	0	0	0	0	0	0	0	0	0	0	0	0	0	0	0	0	0	0	0	0	0	0	0	0	0	0	0	0	0	0	0	0	0	0	0	0	0	6	271	53	7	50	0	0	0	0	0	0	0	0	0	0	0	0	0	0	0	0	0	0	0	0	0	0	0	0	0	0	0	0	0	0	0	0	0	0	0	0	0	0	0	0	0	0	0	0	0	0	0	0	0	0	0	0	0	0	37
Zotu8195	0	0	0	0	0	0	0	0	0	0	0	0	0	0	0	0	0	0	0	0	0	0	0	0	0	0	0	0	0	0	0	0	0	0	0	0	0	0	0	0	0	0	0	0	0	0	0	0	0	0	0	0	0	0	111	0	0	0	0	0	0	0	0	0	0	0	0	0	0	0	0	0	0	0	0	0	0	0	0	0	0	0	0	0	37	0	0	0	0	0	339	126	0	0	0	0	1	2	586	3	0	0	0	0	0	0	578	1584	247	0	23	857	0
Zotu7290	0	0	0	0	0	0	0	0	0	0	0	0	0	0	0	0	0	0	0	0	0	0	0	0	0	0	0	0	0	0	0	0	0	0	0	0	0	0	0	0	0	0	0	0	0	0	0	0	0	0	0	0	0	0	104	0	0	0	0	0	0	0	0	0	0	0	0	0	0	0	0	0	0	0	0	0	0	0	0	0	0	0	0	0	0	0	0	0	0	0	0	0	0	0	0	0	0	0	0	0	0	0	0	0	0	0	0	0	0	0	0	0	0
Zotu7997	0	0	0	0	0	0	0	0	0	0	0	0	0	0	0	0	0	0	0	0	0	0	0	0	0	0	0	0	0	0	0	0	0	0	0	0	0	0	0	0	0	0	0	0	0	0	0	0	0	0	0	0	0	0	34	0	0	0	0	0	0	0	0	0	0	0	0	0	0	0	0	0	0	0	0	0	0	0	0	0	0	0	0	0	0	0	0	0	0	0	0	0	0	0	0	0	0	0	0	0	0	0	0	0	0	0	0	0	0	0	0	0	756
Zotu9132	0	0	0	0	0	0	0	0	0	0	0	0	0	0	0	0	0	0	0	0	0	0	0	0	0	0	0	0	0	0	0	0	0	0	0	0	0	0	0	0	0	0	0	0	0	0	0	0	0	0	0	0	0	0	0	1	0	0	0	0	0	0	0	0	0	0	0	0	0	0	0	0	0	0	0	0	0	0	0	0	0	0	0	0	0	0	0	0	0	0	0	0	0	0	0	0	0	0	0	0	0	0	0	0	0	0	340	25	0	0	0	0	0
Zotu10794	0	0	0	0	0	0	0	0	0	0	0	0	0	0	0	0	0	0	0	0	0	0	0	0	0	0	0	0	0	0	0	0	0	0	0	0	0	0	0	0	0	0	0	0	0	0	0	0	0	0	0	0	0	0	0	0	0	0	0	0	9	505	18	91	0	0	0	0	0	0	0	0	0	0	0	0	0	0	0	0	0	0	0	0	0	0	0	0	0	0	0	0	0	0	0	0	0	0	0	0	0	5	0	0	53	0	0	0	0	0	0	0	0
Zotu8085	0	0	0	0	0	0	0	0	0	0	0	0	0	0	0	0	0	0	0	0	0	0	0	0	0	0	0	0	0	0	0	0	0	0	0	0	0	0	0	0	0	0	0	0	0	0	0	0	0	0	0	0	0	0	0	0	0	0	0	0	0	116	0	17	0	0	0	0	0	0	0	0	0	0	0	0	0	0	0	0	0	0	0	0	0	0	0	0	0	0	0	0	0	0	0	0	0	0	0	0	0	0	0	0	1	0	0	0	0	0	0	0	0
Zotu9062	0	0	0	0	0	0	0	0	0	0	0	0	0	0	0	0	0	0	0	0	0	0	0	0	0	0	0	0	0	0	0	0	0	0	0	0	0	0	0	0	0	0	0	0	0	0	0	0	0	0	0	0	0	0	0	0	0	0	0	0	0	0	0	0	3509	1478	8180	3736	311	1171	0	293	1025	70	0	0	489	297	12	1173	325	84	2	357	61	2	9	952	0	0	0	0	0	0	0	0	0	0	0	1	0	0	0	0	0	0	0	0	0	0	0	0	0
Zotu5821	0	0	0	0	0	0	0	0	0	0	0	0	0	0	0	0	0	0	0	0	0	0	0	0	0	0	0	0	0	0	0	0	0	0	0	0	0	0	0	0	0	0	0	0	0	0	0	0	0	0	0	0	0	0	0	0	0	0	0	0	0	0	0	0	0	0	0	0	0	0	0	0	1	0	0	0	0	0	0	0	0	0	0	0	0	0	0	0	0	0	0	0	0	0	0	0	224	3797	0	0	430	0	1931	2	0	24363	0	0	0	0	0	0	0
Zotu9824	0	0	0	0	0	0	0	0	0	0	0	0	0	0	0	0	0	0	0	0	0	0	0	0	0	0	0	0	0	0	0	0	0	0	0	0	0	0	0	0	0	0	0	0	0	0	0	0	0	0	0	0	0	0	0	0	0	0	0	0	0	0	0	0	0	0	0	0	0	0	0	0	0	0	0	0	51	9	0	0	3	21	0	4	0	28	93	122	0	0	0	0	0	0	0	0	0	0	0	0	0	0	0	0	0	0	0	0	0	0	0	0	0
Zotu10075	0	0	0	0	0	0	0	0	0	0	0	0	0	0	0	0	0	0	0	0	0	0	0	0	0	0	0	0	0	0	0	0	0	0	0	0	0	0	0	0	0	0	0	0	0	0	0	0	0	0	0	0	0	0	0	0	0	0	0	0	0	0	0	0	0	0	0	0	0	0	0	0	0	0	0	0	0	0	0	103	0	0	169	0	0	1	2	0	0	0	0	0	0	0	0	0	0	0	0	0	0	0	0	0	0	0	0	0	0	0	0	0	0
Zotu7597	0	0	0	0	0	0	0	0	0	0	0	0	0	0	0	0	0	0	0	0	0	0	0	0	0	0	0	0	0	0	0	0	0	0	0	0	0	0	0	0	0	0	0	0	0	0	0	0	0	0	0	0	0	0	0	0	0	0	0	0	0	0	0	0	0	0	0	0	0	0	0	0	0	0	0	0	0	0	0	0	0	0	0	0	5	595	4	0	0	0	0	0	0	0	0	0	0	0	0	0	0	0	0	0	0	0	0	0	0	0	0	0	0
Zotu10980	0	0	0	0	0	0	0	0	0	0	0	0	0	0	0	0	0	0	0	0	0	0	0	0	0	0	0	0	0	0	0	0	0	0	0	0	0	0	0	0	0	0	0	0	0	0	0	0	0	0	0	0	0	0	0	0	0	0	0	0	0	0	0	0	0	0	0	0	0	0	0	0	0	0	0	0	0	0	0	0	0	0	0	0	0	197	8	0	0	0	0	0	0	0	0	0	0	0	0	0	0	0	0	0	0	0	0	0	0	0	0	0	0
Zotu9798	0	0	0	0	0	0	0	0	0	0	0	0	0	0	0	0	0	0	0	0	0	0	0	0	0	0	0	0	0	0	0	0	0	0	0	0	0	0	0	0	0	0	0	0	0	0	0	0	0	0	0	0	0	0	0	0	0	0	0	0	0	0	0	0	0	0	0	0	0	0	0	0	0	0	0	0	0	0	0	0	0	0	0	0	0	0	0	0	265	0	0	0	0	0	0	0	0	0	0	0	0	0	0	0	0	0	0	0	0	0	0	0	0
Zotu7636	0	0	0	0	0	0	0	0	0	0	0	0	0	0	0	0	0	0	0	0	0	0	0	0	0	0	0	0	0	0	0	0	0	0	0	0	0	0	0	0	0	0	0	0	0	0	0	0	0	0	0	0	0	0	0	0	0	0	0	0	0	0	0	0	0	0	0	0	0	0	0	0	0	0	0	0	0	0	0	0	0	0	0	0	0	0	0	0	10	5	3	0	0	7	9	3	4	18	18	0	1	8	7	2	11	0	0	1	1	3	7	2	0
Zotu8450	0	0	0	0	0	0	0	0	0	0	0	0	0	0	0	0	0	0	0	0	0	0	0	0	0	0	0	0	0	0	0	0	0	0	0	0	0	0	0	0	0	0	0	0	0	0	0	0	0	0	0	0	0	0	0	0	0	0	0	0	0	0	0	0	0	0	0	0	0	0	0	0	0	0	0	0	0	0	0	0	0	0	0	0	0	0	0	0	1	0	1	0	0	0	8	1	32	279	264	3	0	17	28	192	27	3	2	10	30	5	3	2	0
Zotu8129	0	0	0	0	0	0	0	0	0	0	0	0	0	0	0	0	0	0	0	0	0	0	0	0	0	0	0	0	0	0	0	0	0	0	0	0	0	0	0	0	0	0	0	0	0	0	0	0	0	0	0	0	0	0	0	0	0	0	0	0	0	0	0	0	0	0	0	0	0	0	0	0	0	0	0	0	0	0	0	0	0	0	0	0	0	0	0	0	1	0	96	0	0	0	0	0	0	0	0	133	0	0	0	0	0	0	0	0	0	0	0	0	0
Zotu913	0	0	0	0	0	0	0	0	0	0	0	0	0	0	0	0	0	0	0	0	0	0	0	0	0	0	0	0	0	0	0	0	0	0	0	0	0	0	0	0	0	0	0	0	0	0	0	0	0	0	0	0	0	0	0	0	0	0	0	0	0	0	0	0	0	0	0	0	0	0	0	0	0	0	0	0	0	0	0	0	0	0	0	0	0	0	0	0	0	311	0	0	78	0	0	0	0	0	0	0	0	0	0	0	0	0	0	0	0	0	0	0	0
Zotu90	0	0	0	0	0	0	0	0	0	0	0	0	0	0	0	0	0	0	0	0	0	0	0	0	0	0	0	0	0	0	0	0	0	0	0	0	0	0	0	0	0	0	0	0	0	0	0	0	0	0	0	0	0	0	0	0	0	0	0	0	0	0	0	0	0	0	0	0	0	0	0	0	0	0	0	0	0	0	0	0	0	0	0	0	0	0	0	0	0	0	0	0	0	1	0	0	0	1193	0	0	63	0	926	60	0	2132	0	0	0	0	1	0	0
Zotu4486	0	0	0	0	0	0	0	0	0	0	0	0	0	0	0	0	0	0	0	0	0	0	0	0	0	0	0	0	0	0	0	0	0	0	0	0	0	0	0	0	0	0	0	0	0	0	0	0	0	0	0	0	0	0	0	0	0	0	0	0	0	0	0	0	0	0	0	0	0	0	0	0	0	0	0	0	0	0	0	0	0	0	0	0	0	0	0	0	0	0	0	0	0	0	109	0	0	0	23	0	0	0	0	0	0	0	0	0	0	0	0	0	0
Zotu9297	0	0	0	0	0	0	0	0	0	0	0	0	0	0	0	0	0	0	0	0	0	0	0	0	0	0	0	0	0	0	0	0	0	0	0	0	0	0	0	0	0	0	0	0	0	0	0	0	0	0	0	0	0	0	0	0	0	0	0	0	0	0	0	0	0	0	0	0	0	0	0	0	0	0	0	0	0	0	0	0	0	0	0	0	0	0	0	0	0	0	0	0	0	0	0	0	0	0	72	0	0	0	0	0	0	0	0	0	0	0	0	0	0
Zotu10620	0	0	0	0	0	0	0	0	0	0	0	0	0	0	0	0	0	0	0	0	0	0	0	0	0	0	0	0	0	0	0	0	0	0	0	0	0	0	0	0	0	0	0	0	0	0	0	0	0	0	0	0	0	0	0	0	0	0	0	0	0	0	0	0	0	0	0	0	0	0	0	0	0	0	0	0	0	0	0	0	0	0	0	0	0	0	0	0	0	0	0	0	0	0	0	0	0	0	0	0	0	42	0	0	0	0	0	0	0	0	0	0	0
Zotu11542	0	0	0	0	0	0	0	0	0	0	0	0	0	0	0	0	0	0	0	0	0	0	0	0	0	0	0	0	0	0	0	0	0	0	0	0	0	0	0	0	0	0	0	0	0	0	0	0	0	0	0	0	0	0	0	0	0	0	0	0	0	0	0	0	0	0	0	0	0	0	0	0	0	0	0	0	0	0	0	0	0	0	0	0	0	0	0	0	0	0	0	0	0	0	0	0	0	0	0	0	0	31	0	0	0	0	0	0	0	0	0	0	0
Zotu6810	0	0	0	0	0	0	0	0	0	0	0	0	0	0	0	0	0	0	0	0	0	0	0	0	0	0	0	0	0	0	0	0	0	0	0	0	0	0	0	0	0	0	0	0	0	0	0	0	0	0	0	0	0	0	0	0	0	0	0	0	0	0	0	0	0	0	0	0	0	0	0	0	0	0	0	0	0	0	0	0	0	0	0	0	0	0	0	0	0	0	0	0	0	0	0	0	0	0	0	0	0	0	81	0	0	0	0	0	0	0	0	0	0
Zotu9270	0	0	0	0	0	0	0	0	0	0	0	0	0	0	0	0	0	0	0	0	0	0	0	0	0	0	0	0	0	0	0	0	0	0	0	0	0	0	0	0	0	0	0	0	0	0	0	0	0	0	0	0	0	0	0	0	0	0	0	0	0	0	0	0	0	0	0	0	0	0	0	0	0	0	0	0	0	0	0	0	0	0	0	0	0	0	0	0	0	0	0	0	0	0	0	0	0	0	0	0	0	0	0	0	0	0	1644	0	136	0	0	0	0
Zotu9933	0	0	0	0	0	0	0	0	0	0	0	0	0	0	0	0	0	0	0	0	0	0	0	0	0	0	0	0	0	0	0	0	0	0	0	0	0	0	0	0	0	0	0	0	0	0	0	0	0	0	0	0	0	0	0	0	0	0	0	0	0	0	0	0	0	0	0	0	0	0	0	0	0	0	0	0	0	0	0	0	0	0	0	0	0	0	0	0	0	0	0	0	0	0	0	0	0	0	0	0	0	0	0	0	0	0	10	342	22	0	0	515	0
Zotu6098	0	0	0	0	0	0	0	0	0	0	0	0	0	0	0	0	0	0	0	0	0	0	0	0	0	0	0	0	0	0	0	0	0	0	0	0	0	0	0	0	0	0	0	0	0	0	0	0	0	0	0	0	0	0	0	0	0	0	0	0	0	0	0	0	0	0	0	0	0	0	0	0	0	0	0	0	0	0	0	0	0	0	0	0	0	0	0	0	0	0	0	0	0	0	0	0	0	0	0	0	0	0	0	0	0	0	0	17	105	0	0	0	0
Zotu9208	0	0	0	0	0	0	0	0	0	0	0	0	0	0	0	0	0	0	0	0	0	0	0	0	0	0	0	0	0	0	0	0	0	0	0	0	0	0	0	0	0	0	0	0	0	0	0	0	0	0	0	0	0	0	0	0	0	0	0	0	0	0	0	0	0	0	0	0	0	0	0	0	0	0	0	0	0	0	0	0	0	0	0	0	0	0	0	0	0	0	0	0	0	0	0	0	0	0	0	0	0	0	0	0	0	0	0	51	194	0	0	0	0
Zotu945	0	0	0	0	0	0	0	0	0	0	0	0	0	0	0	0	0	0	0	0	0	0	0	0	0	0	0	0	0	0	0	0	0	0	0	0	0	0	0	0	0	0	0	0	0	0	0	0	0	0	0	0	0	0	0	0	0	0	0	0	0	0	0	0	0	0	0	0	0	0	0	0	0	0	0	0	0	0	0	0	0	0	0	0	0	0	0	0	0	0	0	0	0	0	0	0	0	0	0	0	0	0	0	0	0	0	0	0	0	0	449	0	0
